AACG,13-May-2024,0.91,0.925,0.7924,0.835,38800
AADI,13-May-2024,1.83,1.98,1.81,1.87,229200
AADR,13-May-2024,63.94,64.07,63.8,63.94,2000
AAL,13-May-2024,14.54,15.07,14.52,14.93,33380000
AAME,13-May-2024,1.76,1.9,1.69,1.69,14800
AAOI,13-May-2024,10.3,10.95,9.8,10,2263700
AAON,13-May-2024,77.65,77.96,75.33,75.49,659900
AAPB,13-May-2024,20.05,20.46,19.96,20.31,179000
AAPD,13-May-2024,20.95,21.03,20.75,20.84,235100
AAPL,13-May-2024,185.43,187.1,184.62,186.28,72044800
AAPU,13-May-2024,25.93,26.415,25.75,26.2,400500
AAXJ,13-May-2024,71.56,71.78,71.495,71.6,216400
ABAT,13-May-2024,1.35,1.37,1.32,1.35,659900
ABCL,13-May-2024,3.88,3.98,3.84,3.85,1316500
ABCS,13-May-2024,26.8,26.8099,26.52,26.52,2300
ABEO,13-May-2024,4.24,4.43,4.18,4.3,534200
ABL,13-May-2024,11.97,12.23,11.9,11.96,29900
ABLLL,13-May-2024,25.06,25.11,25.01,25.01,6000
ABLLW,13-May-2024,0.516,0.58,0.4542,0.4556,132700
ABLV,13-May-2024,1.6104,1.6104,1.54,1.56,2500
ABNB,13-May-2024,147.05,149.24,145.7,149.13,5647500
ABOS,13-May-2024,3.37,3.5,3.315,3.36,119300
ABSI,13-May-2024,4.93,5.25,4.91,5.06,876800
ABTS,13-May-2024,0.807,0.807,0.7134,0.75,69300
ABUS,13-May-2024,2.9,2.93,2.85,2.89,367200
ABVC,13-May-2024,1.06,1.14,1.06,1.07,192400
ABVX,13-May-2024,14.36,14.36,13.72,13.95,45100
ACAD,13-May-2024,15.45,15.56,15.13,15.18,1449800
ACB,13-May-2024,6.5,6.95,6.455,6.68,2942800
ACCD,13-May-2024,7.27,7.54,7.2,7.21,463000
ACDC,13-May-2024,7.84,8.13,7.7793,7.92,1138100
ACET,13-May-2024,1.5,1.555,1.43,1.44,877500
ACGL,13-May-2024,100.11,100.3325,97.84,97.91,1171200
ACGLN,13-May-2024,19.43,19.5499,19.35,19.37,8500
ACGLO,13-May-2024,22.63,22.8677,22.63,22.64,7000
ACHC,13-May-2024,71.97,73.02,70.44,71.66,1207800
ACHL,13-May-2024,0.938,0.938,0.8836,0.8898,71900
ACHV,13-May-2024,4.68,4.88,4.64,4.81,185200
ACIC,13-May-2024,12.1,12.39,11.83,11.96,397900
ACIU,13-May-2024,3.38,3.47,2.88,3.3,32121100
ACIW,13-May-2024,36.13,36.51,36.07,36.46,561900
ACLS,13-May-2024,114.55,114.9988,111.56,111.96,379400
ACLX,13-May-2024,50.44,51.19,48.49,49.77,587800
ACMR,13-May-2024,23.4,23.975,22.52,23.02,1331200
ACNB,13-May-2024,32.95,34.5,32.76,34.01,25900
ACNT,13-May-2024,10.3,10.4,10.29,10.32,13400
ACON,13-May-2024,0.28,0.287,0.2766,0.2843,197300
ACONW,13-May-2024,0.045,0.045,0.038,0.038,6300
ACRS,13-May-2024,1.17,1.2075,1.14,1.18,683600
ACRV,13-May-2024,8.64,9.1,8.33,8.48,59700
ACT,13-May-2024,31.8,31.85,31.59,31.6,111200
ACTG,13-May-2024,5.08,5.24,5.07,5.155,233000
ACVA,13-May-2024,17.34,17.89,17.11,17.41,1219200
ACWI,13-May-2024,110.59,110.59,110.08,110.25,787800
ACWX,13-May-2024,54.22,54.3161,54.1,54.17,531100
ACXP,13-May-2024,2.04,2.11,2.03,2.09,12200
ADAG,13-May-2024,2.2,2.245,2.2,2.23,2000
ADAP,13-May-2024,1.12,1.2,1.1042,1.17,432600
ADBE,13-May-2024,486.24,490.1599,481.71,483.11,2458100
ADD,13-May-2024,0.2184,0.244,0.215,0.22,51100
ADEA,13-May-2024,11.38,11.3819,11.11,11.13,367300
ADI,13-May-2024,208.83,209.75,208.05,208.38,2314800
ADIL,13-May-2024,1.54,1.59,1.415,1.445,252300
ADMA,13-May-2024,8.8,8.91,8.4233,8.79,5220500
ADN,13-May-2024,0.11,0.11,0.101,0.1035,1503500
ADNWW,13-May-2024,0.007,0.007,0.0057,0.007,283700
ADP,13-May-2024,247.5,249.82,246.77,247.8,950000
ADPT,13-May-2024,3.51,3.93,3.5,3.8,2056600
ADSE,13-May-2024,10.96,11.13,10.95,11.12,16500
ADSK,13-May-2024,219.79,219.98,216.13,216.65,1465600
ADTN,13-May-2024,5.52,5.66,5.495,5.54,903200
ADTX,13-May-2024,2.1,2.129,2.05,2.06,21800
ADUS,13-May-2024,109.7,110.88,108.43,110.57,105100
ADV,13-May-2024,3.47,3.66,3.3,3.42,1698800
ADVM,13-May-2024,9.33,9.47,9.04,9.17,218200
ADXN,13-May-2024,9.57,9.57,9.3303,9.3303,2300
AEHL,13-May-2024,1.63,1.7626,1.38,1.54,248000
AEHR,13-May-2024,11.22,11.88,11.22,11.62,548300
AEI,13-May-2024,0.48,0.49,0.46,0.464,32400
AEIS,13-May-2024,103,103.11,101.75,102.07,145500
AEMD,13-May-2024,1.05,1.25,0.983,0.9939,2787100
AENT,13-May-2024,2.3,2.61,2.1877,2.44,6300
AENTW,13-May-2024,0.0404,0.0404,0.0338,0.0384,30700
AEP,13-May-2024,92,92.35,91.27,91.52,2002100
AERT,13-May-2024,1.95,2.02,1.94,2.02,9900
AEYE,13-May-2024,17.97,20.58,17.62,19.59,254800
AFBI,13-May-2024,16.9,16.93,16.65,16.92,1500
AFCG,13-May-2024,12.38,12.4499,12.17,12.21,51000
AFMD,13-May-2024,5.25,5.4999,5.09,5.26,35500
AFRI,13-May-2024,10.4223,10.77,10.4223,10.77,2100
AFRM,13-May-2024,32.38,33.78,31.84,32.01,7697700
AFYA,13-May-2024,18.27,18.64,17.99,18.49,164800
AGAE,13-May-2024,0.7999,0.8,0.7855,0.7902,10400
AGEN,13-May-2024,10.53,11.26,10.36,11.09,395200
AGFY,13-May-2024,0.2882,0.3049,0.285,0.2957,294900
AGIO,13-May-2024,33.4,33.66,32.77,33.54,560300
AGMH,13-May-2024,1.06,1.06,1.03,1.04,21500
AGMI,13-May-2024,27.05,27.05,26.7776,26.7776,100
AGNC,13-May-2024,9.72,9.75,9.68,9.7,7184200
AGNCL,13-May-2024,23.135,23.2799,23.05,23.07,49400
AGNCM,13-May-2024,25.08,25.1,24.85,24.85,49900
AGNCN,13-May-2024,25.6619,25.7215,25.6028,25.65,6200
AGNCO,13-May-2024,24.71,24.7799,24.62,24.68,24200
AGNCP,13-May-2024,23.89,23.92,23.81,23.81,15800
AGNG,13-May-2024,29.69,29.69,29.06,29.58,12500
AGRI,13-May-2024,0.0981,0.0998,0.0965,0.097,701300
AGYS,13-May-2024,82.81,83.5551,79.42,80.21,380300
AGZD,13-May-2024,22.16,22.27,22.15,22.24,16900
AHCO,13-May-2024,9.8,10.01,9.425,9.5,933200
AHG,13-May-2024,0.725,0.728,0.7,0.71,1100
AIA,13-May-2024,66.12,66.38,66.075,66.25,39000
AIHS,13-May-2024,0.8,0.81,0.79,0.7906,5900
AILE,13-May-2024,7.75,7.75,6.93,7.02,34200
AILEW,13-May-2024,0.4699,0.47,0.46,0.4612,64000
AIMD,13-May-2024,1.03,1.0965,1.03,1.06,12800
AIP,13-May-2024,7.72,8.24,7.3533,8.05,153900
AIQ,13-May-2024,33.6,33.65,33.47,33.59,396900
AIRE,13-May-2024,1.07,1.0892,1.01,1.04,560400
AIRG,13-May-2024,5.34,5.45,5.2401,5.35,19200
AIRJ,13-May-2024,12.94,12.97,12.06,12.43,16400
AIRJW,13-May-2024,0.8095,0.8095,0.75,0.8,6200
AIRL,13-May-2024,26.18,26.3285,26.18,26.3285,100
AIRR,13-May-2024,70.89,70.89,69.63,69.63,131100
AIRS,13-May-2024,4.74,4.97,4.575,4.67,125200
AIRT,13-May-2024,24.9,25.99,24.9,25.62,8600
AIRTP,13-May-2024,16.65,17.15,16.65,17.15,1800
AISP,13-May-2024,5.23,5.49,5.1701,5.49,408600
AISPW,13-May-2024,0.4488,0.5013,0.33,0.3971,105700
AITR,13-May-2024,10.33,10.33,10.33,10.33,4800
AIXI,13-May-2024,1.12,1.15,1.06,1.075,195800
AKAM,13-May-2024,91.47,94.73,91.39,94.32,3462400
AKAN,13-May-2024,0.0937,0.0977,0.0906,0.0926,7031900
AKBA,13-May-2024,1.21,1.3,1.19,1.29,2413800
AKRO,13-May-2024,19.66,21.455,19.46,20.62,567600
AKTX,13-May-2024,1.53,1.6,1.49,1.49,3800
AKYA,13-May-2024,4.28,4.42,4.12,4.12,162100
ALAB,13-May-2024,71.18,74.035,69.92,70.26,1929900
ALAR,13-May-2024,27.5,28.65,26.05,26.19,229100
ALBT,13-May-2024,0.3,0.3149,0.281,0.3055,65100
ALCE,13-May-2024,0.34,0.3678,0.337,0.3585,59200
ALCO,13-May-2024,26.99,27.12,26.83,27,20700
ALCY,13-May-2024,10.645,10.645,10.645,10.645,1200
ALCYW,13-May-2024,0.16,0.16,0.16,0.16,33200
ALDX,13-May-2024,3.83,3.905,3.655,3.7,388500
ALEC,13-May-2024,5.27,5.55,5.25,5.39,449400
ALGM,13-May-2024,27.11,27.98,26.74,27.27,1679000
ALGN,13-May-2024,273.23,276.74,270.855,272.74,465300
ALGS,13-May-2024,0.7266,0.7379,0.6677,0.6846,250600
ALGT,13-May-2024,53.44,57.92,53.44,57.5,542700
ALHC,13-May-2024,6.67,6.94,6.66,6.92,891400
ALKS,13-May-2024,24.28,24.75,24.28,24.71,1290800
ALKT,13-May-2024,25.89,26.128,25.3095,25.43,426900
ALLK,13-May-2024,1.23,1.24,1.15,1.22,464800
ALLO,13-May-2024,2.79,2.945,2.79,2.9,1163300
ALLR,13-May-2024,0.78,0.8443,0.771,0.796,3595200
ALLT,13-May-2024,2.18,2.18,2.1,2.1,44200
ALNT,13-May-2024,29.76,29.76,28.35,28.48,126800
ALNY,13-May-2024,151.28,152.67,149,149.89,512700
ALOT,13-May-2024,17.97,17.99,17.53,17.6,12900
ALRM,13-May-2024,68.67,69.37,67.54,68.01,209500
ALRN,13-May-2024,3.81,3.93,3.71,3.88,17100
ALRS,13-May-2024,20.54,20.82,20.44,20.54,19300
ALT,13-May-2024,7.32,7.57,7.115,7.37,2199200
ALTI,13-May-2024,4.69,4.75,4.52,4.62,22400
ALTO,13-May-2024,1.69,1.72,1.675,1.7,331200
ALTR,13-May-2024,85.77,86.74,85.07,85.47,286900
ALTY,13-May-2024,11.45,11.45,11.34,11.3646,4200
ALVO,13-May-2024,13.32,13.4,13.22,13.29,75100
ALVR,13-May-2024,0.79,0.808,0.58,0.7501,2291300
ALXO,13-May-2024,16.55,16.97,15.4478,15.61,438200
ALZN,13-May-2024,0.5535,0.5535,0.4894,0.505,110600
AMAL,13-May-2024,25.71,25.76,25.27,25.27,90000
AMAT,13-May-2024,208.4,208.47,205.44,206.63,3526900
AMBA,13-May-2024,46.22,47.66,45.695,45.97,851700
AMCX,13-May-2024,13.57,15.615,13.455,15.23,1595900
AMD,13-May-2024,151.28,153.33,150.4,150.56,27859100
AMDL,13-May-2024,14.82,15.13,14.565,14.6,207500
AMDS,13-May-2024,13.84,13.9,13.621,13.9,7300
AMED,13-May-2024,95.7,96.055,95.13,95.4,142700
AMGN,13-May-2024,312.15,312.15,307.0609,308.45,1558400
AMID,13-May-2024,33.07,33.07,32.68,32.76,52200
AMIX,13-May-2024,2.8,2.95,2.67,2.67,25900
AMKR,13-May-2024,32.85,33.25,32.5,32.69,633900
AMLI,13-May-2024,0.69,0.7,0.6622,0.6694,289500
AMLX,13-May-2024,1.8,1.85,1.75,1.82,1351100
AMPG,13-May-2024,2.18,2.35,2.18,2.2,19600
AMPH,13-May-2024,42.3,42.5,41.21,42.37,378300
AMPL,13-May-2024,9.23,9.23,8.86,8.98,667400
AMRK,13-May-2024,37.33,38.28,36.95,37.12,389400
AMRN,13-May-2024,0.86,0.9499,0.86,0.92,1035500
AMRX,13-May-2024,6.66,6.74,6.5,6.71,1147400
AMSC,13-May-2024,13.79,14.04,13.72,14.01,279700
AMSF,13-May-2024,46.8,47.21,46.4,46.6,84000
AMST,13-May-2024,3.4,3.5145,3.2501,3.45,46100
AMTX,13-May-2024,3.96,4.35,3.94,4.01,940200
AMWD,13-May-2024,96.9,96.9,94.9,94.9,104100
AMZD,13-May-2024,13.98,14.149,13.96,14.0792,57800
AMZN,13-May-2024,188,188.31,185.36,186.57,24898600
AMZU,13-May-2024,36.2,36.27,35.2311,35.69,306400
AMZZ,13-May-2024,28.39,28.42,27.59,27.96,24200
ANAB,13-May-2024,23.46,24.7,23.4125,23.99,433200
ANDE,13-May-2024,53.72,53.95,51.99,52.03,174200
ANEB,13-May-2024,2.85,3.1002,2.4,2.41,30600
ANGH,13-May-2024,1.11,1.1499,1.07,1.0803,58100
ANGI,13-May-2024,2.44,2.55,2.42,2.43,849400
ANGL,13-May-2024,28.62,28.62,28.53,28.55,555100
ANGO,13-May-2024,6.09,6.24,6.03,6.12,395700
ANIK,13-May-2024,25.6,25.7,25.4,25.56,79700
ANIP,13-May-2024,67.69,69.5985,67.24,67.34,140100
ANIX,13-May-2024,2.99,3.04,2.95,2.97,37700
ANL,13-May-2024,12.61,13.25,11.7881,13,4000
ANNX,13-May-2024,4.95,5.17,4.795,4.87,1336200
ANSC,13-May-2024,10.23,10.234,10.23,10.234,1600
ANSCU,13-May-2024,10.32,10.32,10.32,10.32,600
ANSCW,13-May-2024,0.18,0.2,0.18,0.18,50000
ANSS,13-May-2024,331.42,331.81,326.55,328.2,248000
ANTE,13-May-2024,1.02,1.08,1.02,1.08,1200
ANTX,13-May-2024,2.43,2.44,2.35,2.35,92900
ANY,13-May-2024,0.84,0.896,0.84,0.8605,173500
AOSL,13-May-2024,26.97,27.48,26.21,27.19,159700
AOTG,13-May-2024,37.1,37.1001,37.046,37.046,200
AOUT,13-May-2024,8.26,8.3,8.06,8.06,26100
APA,13-May-2024,30.35,30.62,29.9,30.2,3969600
APCX,13-May-2024,0.97,0.97,0.924,0.93,87200
APCXW,13-May-2024,0.4,0.4,0.371,0.371,1100
APDN,13-May-2024,2.96,3.24,2.5,3.08,227100
APEI,13-May-2024,17.83,19.28,17.83,18.56,273200
APGE,13-May-2024,54.07,54.9557,52.58,52.73,296200
API,13-May-2024,2.72,2.84,2.69,2.72,146700
APLD,13-May-2024,3.38,3.69,3.36,3.48,3440400
APLM,13-May-2024,0.36,0.38,0.3116,0.3498,430000
APLMW,13-May-2024,0.0171,0.0171,0.015,0.017,46300
APLS,13-May-2024,42.91,43.91,42.13,43.01,1153400
APLT,13-May-2024,4.46,4.56,4.3914,4.43,474000
APM,13-May-2024,4.93,5.27,4.93,5.255,9100
APOG,13-May-2024,67,67.05,65.773,66,253200
APP,13-May-2024,87.05,87.13,83.51,86.37,5023600
APPF,13-May-2024,248.39,251.36,248.0101,249.41,303100
APPN,13-May-2024,32.5,34,32.385,33.29,502400
APPS,13-May-2024,2.16,2.349,2.16,2.33,1435000
APRE,13-May-2024,5.43,5.59,5.2499,5.59,10300
APTO,13-May-2024,1.19,1.25,1.17,1.18,146500
APVO,13-May-2024,0.91,0.91,0.802,0.812,341900
APWC,13-May-2024,1.4653,1.47,1.41,1.4324,4100
APYX,13-May-2024,1.48,1.55,1.43,1.43,140900
AQB,13-May-2024,1.8,1.9,1.8,1.85,5300
AQMS,13-May-2024,0.4689,0.499,0.46,0.4791,256400
AQST,13-May-2024,3.11,3.315,3.1,3.27,1501600
AQUNR,13-May-2024,0.1802,0.1802,0.1802,0.1802,25000
AQWA,13-May-2024,18.27,18.27,18.06,18.06,2300
ARAY,13-May-2024,1.63,1.665,1.58,1.58,717800
ARBB,13-May-2024,0.91,0.942,0.9099,0.9146,65400
ARBE,13-May-2024,1.67,1.71,1.67,1.685,61200
ARBEW,13-May-2024,0.1925,0.1925,0.1925,0.1925,200
ARBK,13-May-2024,1.38,1.4,1.33,1.4,160900
ARBKL,13-May-2024,8,8.09,8,8.09,2300
ARCB,13-May-2024,117.58,117.98,116.4,116.94,175700
ARCC,13-May-2024,21.15,21.3099,21.09,21.14,4152600
ARCT,13-May-2024,27.8,28.89,27.76,28.72,277300
ARDX,13-May-2024,7.78,8.08,7.76,8.02,3575600
AREB,13-May-2024,0.3511,0.3669,0.3511,0.3613,210300
AREBW,13-May-2024,0.01,0.02,0.01,0.02,1000
AREC,13-May-2024,1.3,1.34,1.29,1.32,285200
ARGX,13-May-2024,373.77,376.85,358.31,359.48,343900
ARHS,13-May-2024,16.4,16.75,15.99,16.4,2111700
ARKO,13-May-2024,5.35,5.78,5.35,5.54,599600
ARKOW,13-May-2024,0.28,0.28,0.2503,0.27,700
ARKR,13-May-2024,13.42,13.44,13.42,13.44,1500
ARLP,13-May-2024,22.48,22.77,22.25,22.27,362300
ARM,13-May-2024,114,117.58,110.86,117.23,16402500
AROW,13-May-2024,23.75,23.95,23.602,23.7,46700
ARQ,13-May-2024,7.53,7.95,7.38,7.55,250100
ARQQ,13-May-2024,0.407,0.4193,0.4,0.4082,704600
ARQQW,13-May-2024,0.165,0.178,0.165,0.178,2100
ARQT,13-May-2024,7.92,8.1399,7.7,7.99,2339100
ARRY,13-May-2024,12.98,13.26,12.635,12.66,5337100
ARTL,13-May-2024,1.3501,1.3899,1.27,1.3,30600
ARTNA,13-May-2024,40.41,40.565,39.69,39.69,39000
ARTW,13-May-2024,1.86,1.88,1.86,1.87,2000
ARVN,13-May-2024,31.82,32.4108,31.34,31.57,503100
ARVR,13-May-2024,35.475,35.475,35.45,35.45,200
ARWR,13-May-2024,22.34,22.76,21.65,22.06,1949500
ASET,13-May-2024,31.25,31.2565,31.25,31.2565,500
ASLE,13-May-2024,7.97,8.07,7.82,7.85,404500
ASMB,13-May-2024,13.4,13.63,13.1381,13.39,17400
ASML,13-May-2024,927.68,929,914.26,917.24,745700
ASND,13-May-2024,134.01,134.98,131.43,132.02,340200
ASNS,13-May-2024,0.55,0.5803,0.4546,0.5399,119200
ASO,13-May-2024,57.21,58.39,56.29,56.35,1195500
ASPI,13-May-2024,3.65,3.78,3.58,3.76,353000
ASPS,13-May-2024,1.87,1.96,1.87,1.9,91800
ASRT,13-May-2024,0.96,1.06,0.96,1.05,510600
ASRV,13-May-2024,2.65,2.7,2.53,2.67,18200
ASST,13-May-2024,0.37,0.39,0.365,0.3799,82800
ASTC,13-May-2024,9.0201,9.3599,9.0201,9.17,2500
ASTE,13-May-2024,35.3,35.53,34.33,34.5,199400
ASTH,13-May-2024,39.3,39.7,38.43,39.15,114200
ASTI,13-May-2024,0.1,0.105,0.0965,0.1045,2008700
ASTL,13-May-2024,7.78,7.865,7.71,7.72,218400
ASTLW,13-May-2024,1.05,1.05,1.05,1.05,400
ASTS,13-May-2024,2.29,2.315,2.12,2.24,3457200
ASUR,13-May-2024,7.49,7.585,7.33,7.37,174200
ASYS,13-May-2024,5.16,5.46,5.16,5.32,66300
ATAI,13-May-2024,1.93,2.02,1.91,1.94,427200
ATAT,13-May-2024,18.06,18.37,17.95,18.19,592100
ATCOL,13-May-2024,24.15,24.15,24.1,24.1,1500
ATEC,13-May-2024,11.55,11.88,11.14,11.14,1770700
ATER,13-May-2024,2.8,3.1,2.8,3.09,184100
ATEX,13-May-2024,31.98,32.9,31.98,32.34,105800
ATGL,13-May-2024,4.86,4.9,4.1821,4.295,27100
ATHA,13-May-2024,2.11,2.32,2.11,2.31,137500
ATHE,13-May-2024,1.98,2.11,1.968,2.07,7100
ATLC,13-May-2024,28.91,30.7499,28,28.16,22100
ATLCL,13-May-2024,22.13,22.31,22.105,22.14,11000
ATLCP,13-May-2024,23.155,23.67,23.155,23.45,4000
ATLCZ,13-May-2024,24.7,24.84,24.7,24.77,5900
ATLO,13-May-2024,21.04,21.2,20.67,20.67,12700
ATLX,13-May-2024,15.6,15.765,14.84,15.03,49100
ATMC,13-May-2024,11.02,11.02,11.02,11.02,100
ATMCR,13-May-2024,0.114,0.114,0.114,0.114,500
ATMVR,13-May-2024,0.115,0.115,0.11,0.11,76000
ATNF,13-May-2024,2.03,2.1939,1.97,2.02,31300
ATNFW,13-May-2024,0.0081,0.0089,0.0081,0.0088,11100
ATNI,13-May-2024,24.82,25.87,24.49,25.5,112900
ATOM,13-May-2024,4.45,4.79,4.45,4.64,246400
ATOS,13-May-2024,1.45,1.52,1.42,1.46,1514100
ATPC,13-May-2024,0.25,0.25,0.2384,0.2384,39000
ATRA,13-May-2024,0.5406,0.5637,0.4843,0.5564,2535300
ATRC,13-May-2024,22.37,23.51,22.29,22.47,944800
ATRO,13-May-2024,18.7,18.93,18.3,18.89,100300
ATSG,13-May-2024,14.96,15.13,14.28,14.42,613500
ATXG,13-May-2024,0.99,1.03,0.8101,0.97,66200
ATXI,13-May-2024,3.86,3.99,3.8,3.95,50600
ATXS,13-May-2024,9.72,9.88,9.49,9.71,561700
AUBN,13-May-2024,18.66,19.8398,18.66,19.24,16900
AUDC,13-May-2024,10,10.17,9.96,10,49900
AUID,13-May-2024,8.38,8.4899,7.7,7.8,15900
AUMI,13-May-2024,31.99,31.99,31.45,31.58,1600
AUPH,13-May-2024,5.08,5.1306,4.99,5.02,845700
AUR,13-May-2024,3.14,3.4,3.02,3.02,8183700
AURA,13-May-2024,7.38,7.56,7.15,7.18,98300
AUROW,13-May-2024,0.29,0.31,0.25,0.25,3200
AUTL,13-May-2024,3.95,4.015,3.753,4.01,1062500
AUUD,13-May-2024,1.64,1.71,1.58,1.69,61000
AUUDW,13-May-2024,0.04,0.04,0.04,0.04,100
AVAH,13-May-2024,2.53,2.53,2.39,2.48,56400
AVAV,13-May-2024,188.02,192.495,187.12,187.28,356800
AVBP,13-May-2024,17.98,18.51,16.97,17.93,47900
AVDL,13-May-2024,16.55,17.51,16.55,16.81,961400
AVDX,13-May-2024,11.36,11.74,11.18,11.22,2887700
AVGO,13-May-2024,1348,1358.39,1330.11,1337.51,1850700
AVGR,13-May-2024,3.92,4.15,3.79,3.925,18200
AVIR,13-May-2024,3.89,4.07,3.88,4.04,200800
AVNW,13-May-2024,31.33,31.49,30.59,31.02,81300
AVO,13-May-2024,12.2,12.39,12.12,12.36,255600
AVPT,13-May-2024,8.18,8.38,8.1503,8.3,1021900
AVPTW,13-May-2024,1.05,1.05,0.9301,0.962,23200
AVT,13-May-2024,52.13,52.8,52.08,52.56,502900
AVTE,13-May-2024,19.79,19.96,18.83,19.14,230800
AVTX,13-May-2024,10.66,11.2,10.6296,10.82,54600
AVXC,13-May-2024,51.0213,51.0213,51.0213,51.0213,100
AVXL,13-May-2024,3.85,4.26,3.85,3.99,1105700
AWH,13-May-2024,3.04,3.17,2.845,2.88,27400
AWRE,13-May-2024,2.07,2.07,1.94,1.94,66500
AXDX,13-May-2024,0.89,0.93,0.8813,0.891,6200
AXGN,13-May-2024,5.77,5.9,5.75,5.79,166400
AXON,13-May-2024,303.88,305.105,300.03,300.23,507000
AXSM,13-May-2024,72.3,75.98,72.3,75.64,347200
AXTI,13-May-2024,3.65,3.72,3.595,3.61,261600
AYRO,13-May-2024,1.15,1.1999,1.0866,1.18,58000
AYTU,13-May-2024,3.25,3.4192,3.2201,3.3497,59900
AZ,13-May-2024,0.39,0.4498,0.389,0.4401,74900
AZN,13-May-2024,77.23,77.49,77.151,77.43,2565600
AZPN,13-May-2024,209.58,211.42,206.2264,207.3,195200
AZTA,13-May-2024,51.91,52.905,51.3,51.34,480400
BABX,13-May-2024,17.1,17.979,17.06,17.82,195300
BACK,13-May-2024,3.37,3.6368,3.2,3.21,25700
BAER,13-May-2024,4.08,4.2101,4,4,62400
BAFN,13-May-2024,12.71,12.7982,12.66,12.66,2600
BAND,13-May-2024,21.8,22.59,21.8,22.01,286000
BANF,13-May-2024,91.85,91.85,90.49,90.65,47700
BANFP,13-May-2024,25.399,25.4,25.345,25.35,6100
BANL,13-May-2024,1.025,1.04,0.99,1.0397,23500
BANR,13-May-2024,46.75,46.915,46.34,46.67,149800
BANX,13-May-2024,18.22,18.4,18.15,18.2,13100
BAOS,13-May-2024,3.21,3.2999,3.12,3.2927,3700
BASE,13-May-2024,26.35,26.9,25.935,26.08,327600
BATRA,13-May-2024,41.72,42,40.79,40.82,16700
BATRK,13-May-2024,38.83,39.1,37.75,37.8,225900
BAYA,13-May-2024,10.19,10.19,10.19,10.19,4900
BAYAU,13-May-2024,10.27,10.27,10.27,10.27,100
BBCP,13-May-2024,6.92,6.98,6.83,6.87,60400
BBGI,13-May-2024,0.69,0.7539,0.6802,0.7283,47500
BBH,13-May-2024,164.23,165.75,164.23,165.255,4900
BBIO,13-May-2024,29.28,29.615,28.21,28.5,1875000
BBLG,13-May-2024,1.94,1.968,1.8435,1.9,10600
BBLGW,13-May-2024,26.2,28.89,26.2,28.89,1800
BBSI,13-May-2024,126.63,126.8,124.74,124.86,25600
BCAB,13-May-2024,2.73,2.855,2.5901,2.64,1039700
BCAL,13-May-2024,14.13,14.13,13.829,13.91,48200
BCAN,13-May-2024,0.9,0.96,0.865,0.9487,1050700
BCBP,13-May-2024,10.61,10.64,10.09,10.09,71500
BCDA,13-May-2024,0.3806,0.3998,0.3806,0.3912,24100
BCG,13-May-2024,5.08,5.4612,4.3719,4.3719,12100
BCGWW,13-May-2024,0.078,0.078,0.076,0.076,1200
BCLI,13-May-2024,0.458,0.55,0.458,0.548,442300
BCML,13-May-2024,20.45,20.57,20.29,20.3,14200
BCOV,13-May-2024,1.94,1.9426,1.895,1.92,114800
BCOW,13-May-2024,7.2699,7.2699,7.2699,7.2699,900
BCPC,13-May-2024,156.63,156.63,153.97,154.46,46700
BCRX,13-May-2024,5.47,5.69,5.34,5.63,3309800
BCTX,13-May-2024,2.25,2.31,2.17,2.2304,18100
BCTXW,13-May-2024,0.9,0.99,0.8301,0.875,133300
BCYC,13-May-2024,22.9,23.4754,22.35,22.57,186300
BDGS,13-May-2024,27.88,27.88,27.86,27.88,200
BDRX,13-May-2024,0.93,0.99,0.9203,0.9685,107000
BDSX,13-May-2024,1.63,1.6317,1.47,1.52,95800
BDTX,13-May-2024,6.13,6.29,5.88,5.94,424200
BEAM,13-May-2024,21.82,24.12,21.805,24.02,1766400
BEAT,13-May-2024,2,2.05,1.96,2,23800
BECN,13-May-2024,95.55,95.69,92.975,93.19,701600
BEEM,13-May-2024,6.2,6.43,6.13,6.27,80200
BEEZ,13-May-2024,29.9001,29.9001,29.7641,29.7641,900
BELFA,13-May-2024,71.24,72.895,70.9,70.95,4300
BELFB,13-May-2024,62.49,62.49,61.915,61.97,40400
BENF,13-May-2024,4.52,5.3799,4.46,4.82,309900
BENFW,13-May-2024,0.0133,0.0134,0.0103,0.0128,1104800
BETR,13-May-2024,0.42,0.457,0.42,0.445,646600
BETRW,13-May-2024,0.12,0.12,0.118,0.12,1800
BFC,13-May-2024,83.98,84.5255,81.16,82.47,21100
BFIN,13-May-2024,10.06,10.135,10.05,10.05,12000
BFRG,13-May-2024,2.89,3.083,2.8,2.987,93900
BFRGW,13-May-2024,0.48,0.4847,0.48,0.48,1700
BFRI,13-May-2024,1.25,1.3,1.16,1.17,177300
BFRIW,13-May-2024,0.04,0.065,0.04,0.065,600
BFST,13-May-2024,21.32,21.32,21.11,21.16,23300
BGC,13-May-2024,8.69,8.74,8.59,8.62,2855400
BGFV,13-May-2024,3.42,3.8,3.39,3.64,471700
BGLC,13-May-2024,0.58,0.5999,0.58,0.5801,71000
BGNE,13-May-2024,160.96,164.17,160.96,162.17,108500
BGRN,13-May-2024,46.3,46.33,46.28,46.31,13800
BHAT,13-May-2024,1.07,1.09,1.06,1.0794,31200
BHF,13-May-2024,45.81,46.98,45.81,46.12,499300
BHFAL,13-May-2024,22.7,22.86,22.36,22.78,12400
BHFAM,13-May-2024,16.17,16.32,15.9429,15.99,59700
BHFAN,13-May-2024,19.2,19.3602,19.03,19.04,25700
BHFAO,13-May-2024,23.99,24.2177,23.76,24.19,20800
BHFAP,13-May-2024,23.08,23.29,23.013,23.21,15600
BHRB,13-May-2024,49,50.075,48.9949,49.52,52700
BIAF,13-May-2024,2,2.04,1.95,1.99,98400
BIAFW,13-May-2024,0.2652,0.2728,0.26,0.2728,3700
BIB,13-May-2024,55.42,56.15,55.42,55.78,13000
BIDU,13-May-2024,109.54,112.75,109.36,111.79,3632900
BIGC,13-May-2024,7.68,7.785,7.62,7.7,835600
BIIB,13-May-2024,223,225.58,221.72,225.34,1274600
BILI,13-May-2024,14.72,16.08,14.7,15.81,15035000
BIOX,13-May-2024,12.87,12.87,12.33,12.35,56100
BIRD,13-May-2024,0.597,0.72,0.57,0.6853,3468800
BIS,13-May-2024,17.96,17.96,17.94,17.94,100
BITF,13-May-2024,1.62,1.66,1.52,1.59,18793000
BITS,13-May-2024,60.72,61.91,60.72,61.1,3200
BIVI,13-May-2024,0.5,0.5,0.4803,0.4825,189100
BJDX,13-May-2024,0.5253,0.55,0.502,0.5245,9500
BJK,13-May-2024,41.24,41.4001,41.24,41.37,1900
BJRI,13-May-2024,33.85,35.15,33.85,35.06,356300
BKCH,13-May-2024,40.12,41.27,39.5201,39.68,25400
BKHA,13-May-2024,10.2,10.2,10.13,10.13,1300
BKHAR,13-May-2024,0.78,0.85,0.75,0.81,64200
BKHAU,13-May-2024,10.35,10.37,10.32,10.37,1700
BKIV,13-May-2024,30.8921,30.8921,30.8921,30.8921,100
BKNG,13-May-2024,3800.75,3807.8,3717.48,3745,238400
BKR,13-May-2024,32.63,32.7825,32.25,32.41,4209900
BKWO,13-May-2024,31.3596,31.3596,31.3596,31.3596,100
BKYI,13-May-2024,1.61,1.6499,1.6,1.6001,11700
BL,13-May-2024,58.76,58.945,57.75,57.92,640200
BLAC,13-May-2024,11.12,11.12,10.72,10.72,4400
BLACR,13-May-2024,0.14,0.14,0.13,0.13,28300
BLACW,13-May-2024,0.0201,0.0201,0.0201,0.0201,1000
BLBD,13-May-2024,49.38,49.94,48.3227,48.76,582200
BLBX,13-May-2024,2.69,2.69,2.5642,2.565,3900
BLCN,13-May-2024,25.45,25.45,25.05,25.14,17200
BLCR,13-May-2024,30.5458,30.5458,30.5458,30.5458,0
BLDE,13-May-2024,3.55,3.56,3.315,3.37,708900
BLDEW,13-May-2024,0.24,0.29,0.24,0.29,3400
BLDP,13-May-2024,2.84,3.05,2.84,3.01,2379900
BLFS,13-May-2024,20.66,21.3,20.39,20.66,642500
BLFY,13-May-2024,9.15,9.225,8.99,9.04,35000
BLIN,13-May-2024,1.26,1.29,1.2,1.25,16700
BLKB,13-May-2024,77.68,78.25,77.14,77.32,148000
BLLD,13-May-2024,48.55,48.5544,48.49,48.5484,300
BLMN,13-May-2024,23.06,23.85,23.06,23.62,1564900
BLNK,13-May-2024,2.83,3.18,2.83,3.1,10550500
BLRX,13-May-2024,0.631,0.6497,0.622,0.622,72100
BLTE,13-May-2024,41.39,42.1,41.39,41.685,19600
BLUE,13-May-2024,1.07,1.13,1,1.02,6624000
BLZE,13-May-2024,7.22,7.31,7.08,7.31,431100
BMBL,13-May-2024,11.57,11.98,11.44,11.51,4216800
BMEA,13-May-2024,10.8,11.47,10.66,11.45,517800
BMR,13-May-2024,5.88,6.29,5.8535,5.95,366000
BMRA,13-May-2024,0.511,0.609,0.511,0.603,1096500
BMRC,13-May-2024,16,16.12,15.7,15.71,33700
BMRN,13-May-2024,81.24,81.57,80.37,80.5,1291700
BNAI,13-May-2024,1.42,1.64,1.365,1.41,83500
BNAIW,13-May-2024,0.09,0.09,0.0702,0.075,141100
BND,13-May-2024,71.6,71.6,71.43,71.44,5600500
BNDW,13-May-2024,67.71,67.7999,67.67,67.67,37300
BNDX,13-May-2024,48.71,48.7299,48.66,48.67,3314200
BNGO,13-May-2024,0.96,1.07,0.96,1.03,1390900
BNIX,13-May-2024,10.94,10.96,10.94,10.96,2900
BNIXR,13-May-2024,0.21,0.22,0.2,0.22,400
BNR,13-May-2024,0.8219,0.8399,0.7914,0.805,46600
BNRG,13-May-2024,2.13,2.19,2.02,2.1716,13000
BNTC,13-May-2024,8.51,9.03,7.4628,8.12,87700
BNTX,13-May-2024,92.56,93.48,92.4132,92.72,249300
BNZI,13-May-2024,0.33,0.3591,0.3,0.314,486900
BNZIW,13-May-2024,0.0181,0.02,0.0161,0.02,14400
BOF,13-May-2024,1.92,2.035,1.88,1.91,57700
BOKF,13-May-2024,95,95,94.05,94.25,89000
BOLD,13-May-2024,8.51,9.62,8.51,9.52,79900
BOLT,13-May-2024,1.27,1.335,1.19,1.33,206600
BON,13-May-2024,2.91,2.9399,2.65,2.7869,14100
BOOM,13-May-2024,13.57,13.74,13.5,13.55,215600
BOSC,13-May-2024,2.77,2.82,2.695,2.82,12900
BOTJ,13-May-2024,10.55,10.55,10.55,10.55,500
BOTT,13-May-2024,27.04,27.04,26.8724,26.8724,800
BOTZ,13-May-2024,31.39,31.48,31.29,31.32,389000
BOWN,13-May-2024,10.5,10.5013,10.5,10.5,19400
BOXL,13-May-2024,0.615,0.6306,0.5902,0.6054,31900
BPMC,13-May-2024,109.16,109.475,106.01,108.05,383900
BPOP,13-May-2024,91.14,91.61,90.05,90.88,275200
BPRN,13-May-2024,30.33,30.4999,29.97,30.07,6500
BPTH,13-May-2024,2.67,2.755,2.51,2.56,89200
BPYPM,13-May-2024,14.5,14.5,14.1638,14.26,10600
BPYPN,13-May-2024,12.7141,12.8134,12.6,12.66,7700
BPYPO,13-May-2024,14.07,14.1,13.92,13.92,1900
BPYPP,13-May-2024,13.76,14.24,13.76,14.1,20000
BRAC,13-May-2024,11.3,11.3,11.3,11.3,100
BRACR,13-May-2024,0.2,0.224,0.2,0.2,5300
BRAG,13-May-2024,6.47,6.47,6.17,6.22,44400
BREA,13-May-2024,1.16,1.24,1.15,1.17,12600
BRFH,13-May-2024,1.87,1.94,1.8,1.86,88200
BRID,13-May-2024,10.42,10.42,10.38,10.38,1500
BRKL,13-May-2024,8.94,8.95,8.775,8.79,279800
BRKR,13-May-2024,75.62,76.29,73.85,74.24,832400
BRLS,13-May-2024,3.88,4,3.88,4,8800
BRLT,13-May-2024,2.67,2.69,2.5242,2.555,84100
BRNS,13-May-2024,2.23,2.4212,2.205,2.345,7400
BRNY,13-May-2024,36.16,36.2,36.16,36.2,800
BROG,13-May-2024,1.02,1.03,1,1.02,44900
BRRR,13-May-2024,17.8,18.01,17.75,17.91,361600
BRTR,13-May-2024,49.81,49.815,49.79,49.79,4900
BRTX,13-May-2024,1.37,1.37,1.3,1.31,50300
BRY,13-May-2024,7.52,7.57,7.35,7.37,1434700
BRZE,13-May-2024,41.87,42.355,41.35,41.72,834700
BSBK,13-May-2024,6.79,6.79,6.55,6.75,6600
BSCP,13-May-2024,20.47,20.47,20.45,20.46,555700
BSCQ,13-May-2024,19.19,19.19,19.18,19.19,688800
BSCR,13-May-2024,19.23,19.23,19.2,19.21,281600
BSCS,13-May-2024,19.93,19.935,19.9,19.91,240800
BSCT,13-May-2024,18.13,18.14,18.1,18.11,173400
BSCU,13-May-2024,16.21,16.21,16.18,16.19,169800
BSCV,13-May-2024,15.89,15.92,15.88,15.89,59700
BSCW,13-May-2024,20,20,19.945,19.95,111200
BSCX,13-May-2024,20.6,20.6,20.525,20.53,38000
BSET,13-May-2024,14.34,14.5935,14.12,14.12,12700
BSGM,13-May-2024,1.23,1.48,1.23,1.41,122100
BSJP,13-May-2024,22.98,23,22.9797,22.99,258100
BSJQ,13-May-2024,23.2,23.2,23.1501,23.165,53000
BSJR,13-May-2024,22.19,22.19,22.1401,22.16,58900
BSJS,13-May-2024,21.53,21.5732,21.475,21.49,89100
BSJT,13-May-2024,21.085,21.14,21.0217,21.0672,14000
BSJU,13-May-2024,25.61,25.61,25.5461,25.565,8300
BSJV,13-May-2024,26.15,26.15,26.08,26.08,800
BSMP,13-May-2024,24.38,24.39,24.36,24.36,60900
BSMQ,13-May-2024,23.51,23.53,23.51,23.51,40300
BSMR,13-May-2024,23.59,23.59,23.55,23.55,23500
BSMS,13-May-2024,23.39,23.4,23.34,23.34,23900
BSMT,13-May-2024,23.09,23.1,23.07,23.07,11700
BSMU,13-May-2024,21.99,22,21.93,21.93,15500
BSMV,13-May-2024,21.14,21.2,21.14,21.15,13500
BSMW,13-May-2024,25.44,25.44,25.37,25.4,20700
BSRR,13-May-2024,22.35,22.37,21.81,21.82,85100
BSSX,13-May-2024,26.01,26.07,26,26,6500
BSVN,13-May-2024,28.9,29.66,28.9,29.45,4600
BSVO,13-May-2024,21.06,21.115,20.89,20.89,197200
BSY,13-May-2024,55.75,55.95,54.78,54.84,932500
BTAI,13-May-2024,2.15,2.22,2.135,2.185,463100
BTBD,13-May-2024,1.37,1.38,1.3001,1.3001,5800
BTBDW,13-May-2024,0.072,0.11,0.0605,0.11,1800
BTBT,13-May-2024,2.2,2.27,2.16,2.21,3565200
BTCS,13-May-2024,1.55,1.58,1.51,1.52,47000
BTCT,13-May-2024,2.3,2.3,2.2,2.25,15700
BTCTW,13-May-2024,0.0334,0.0334,0.03,0.0317,14500
BTDR,13-May-2024,5.52,5.7,5.43,5.45,511000
BTF,13-May-2024,17.96,18.03,17.81,17.9575,12800
BTFX,13-May-2024,32.42,32.92,32.26,32.7025,26600
BTM,13-May-2024,1.9,2,1.84,1.98,158300
BTMD,13-May-2024,6.18,6.21,5.94,6.01,99000
BTMWW,13-May-2024,0.0731,0.089,0.065,0.082,18500
BTOG,13-May-2024,4.19,4.29,4.05,4.12,519600
BTSG,13-May-2024,11.34,11.535,11.0904,11.24,608500
BTSGU,13-May-2024,45.63,45.76,45.35,45.35,700
BUFC,13-May-2024,36.71,36.75,36.62,36.64,125400
BUG,13-May-2024,28.96,29.0869,28.88,28.91,64700
BULD,13-May-2024,22.26,22.26,22.26,22.26,100
BUSE,13-May-2024,23.87,23.87,23.5,23.57,96100
BVFL,13-May-2024,10.59,10.9,10.35,10.35,14100
BVS,13-May-2024,5.44,5.81,5.27,5.72,483900
BWAY,13-May-2024,5.46,5.82,5.4,5.5,164800
BWB,13-May-2024,11.85,11.9,11.62,11.65,31500
BWBBP,13-May-2024,18.38,18.81,18.38,18.75,900
BWEN,13-May-2024,2.23,2.23,2.14,2.19,90400
BWFG,13-May-2024,23.75,24,23.4562,23.53,19700
BWMN,13-May-2024,31.69,32.15,30.25,30.35,67600
BYFC,13-May-2024,4.49,4.74,4.48,4.52,16000
BYND,13-May-2024,7.25,8.19,7.2016,7.96,5419300
BYNOW,13-May-2024,0.0839,0.085,0.0839,0.085,1500
BYRN,13-May-2024,13.41,14.32,13.16,13.2,639800
BYSI,13-May-2024,2.47,2.64,2.4113,2.58,20800
BZ,13-May-2024,21.02,21.28,20.745,20.87,4746800
BZFD,13-May-2024,2.04,2.2592,2,2.12,881800
BZFDW,13-May-2024,0.0717,0.09,0.0609,0.0609,17400
BZUN,13-May-2024,2.84,3.09,2.799,3.09,1704200
CA,13-May-2024,25.025,25.025,25.025,25.025,0
CAAS,13-May-2024,3.52,3.54,3.42,3.43,63800
CABA,13-May-2024,11.3,11.81,11.2,11.26,625300
CAC,13-May-2024,32.77,32.99,32.31,32.31,24200
CACC,13-May-2024,521,528.41,517.585,518.2,45000
CADL,13-May-2024,9.6,10.47,9.4617,10.2,540900
CAFG,13-May-2024,23.9795,24,23.8053,23.8053,1300
CAKE,13-May-2024,37.88,39.25,37.8,39.13,1495100
CALC,13-May-2024,5.4,5.4379,4.88,5.1999,21600
CALM,13-May-2024,57.37,58.53,57.19,57.5,474700
CAMP,13-May-2024,4.06,4.09,3.82,3.95,7700
CAMT,13-May-2024,90,92.88,89,92.87,516900
CAN,13-May-2024,0.93,0.9595,0.9,0.9159,5888500
CANC,13-May-2024,27.41,27.41,27.2269,27.2269,200
CANQ,13-May-2024,24.85,24.87,24.8451,24.8451,200
CAPR,13-May-2024,5.34,5.44,5.261,5.44,193800
CAPT,13-May-2024,5.22,5.22,5.01,5.04,35200
CAPTW,13-May-2024,0.101,0.1485,0.101,0.1219,5300
CAR,13-May-2024,120.58,126.44,119.35,123.54,1429300
CARA,13-May-2024,0.75,0.7744,0.72,0.7503,370500
CARE,13-May-2024,13.07,13.28,13,13.01,79200
CARG,13-May-2024,24.29,24.4,23.52,24.05,940700
CARM,13-May-2024,1.49,1.51,1.45,1.48,249400
CART,13-May-2024,34.38,35.025,33.47,34.75,5028400
CARV,13-May-2024,1.7,1.79,1.6719,1.72,23700
CARZ,13-May-2024,57.55,58.0152,57.55,57.59,1100
CASH,13-May-2024,54.3,54.34,53.92,53.92,80300
CASI,13-May-2024,2.6,2.6,2.4,2.565,11300
CASS,13-May-2024,44.79,44.93,44.39,44.41,17500
CASY,13-May-2024,338.82,340.59,337.62,340.26,259700
CATH,13-May-2024,63.06,63.07,62.83,62.84,20500
CATY,13-May-2024,37.92,37.94,37.25,37.29,165600
CBAT,13-May-2024,1.15,1.23,1.13,1.2,261900
CBFV,13-May-2024,22.5301,22.65,22.5301,22.65,1400
CBNK,13-May-2024,20.48,20.48,20.22,20.33,9400
CBRL,13-May-2024,56.31,58.51,56.25,57.02,983000
CBSH,13-May-2024,56.74,57.05,56.26,56.38,359400
CBUS,13-May-2024,17.69,18.84,17.58,18.75,68000
CCAP,13-May-2024,18.16,18.195,17.91,17.94,156400
CCB,13-May-2024,43.7,44.16,43.7,43.81,63400
CCBG,13-May-2024,27.99,27.99,27.1,27.22,73300
CCCC,13-May-2024,6.27,6.35,6.14,6.17,1123300
CCCS,13-May-2024,10.7,10.78,10.5,10.57,2212600
CCD,13-May-2024,22.67,22.84,22.54,22.57,52100
CCEP,13-May-2024,73.88,74.82,73.78,74.46,1052400
CCG,13-May-2024,2.3,2.3899,1.65,1.65,2211300
CCGWW,13-May-2024,0.0494,0.0494,0.0351,0.045,14200
CCIXU,13-May-2024,10.15,10.15,10.1201,10.14,12100
CCLD,13-May-2024,1.55,2.6,1.535,2.32,92091700
CCLDO,13-May-2024,9.25,12.44,9.25,10.61,89500
CCLDP,13-May-2024,7.3,8.41,7.3,7.5,67000
CCNE,13-May-2024,20.12,20.24,19.87,19.91,34300
CCOI,13-May-2024,59.8,60.3599,58.98,59.11,623200
CCRN,13-May-2024,14.93,15.29,14.89,15.07,552300
CCSB,13-May-2024,20.18,20.18,20.145,20.145,500
CCSI,13-May-2024,19.31,19.79,19.08,19.42,329900
CCSO,13-May-2024,19.29,19.29,19.2502,19.2502,500
CCTG,13-May-2024,2.51,2.6,2.4,2.4,33400
CDC,13-May-2024,59.74,60.03,59.69,59.74,39300
CDIO,13-May-2024,0.98,1.05,0.8336,0.895,5237600
CDIOW,13-May-2024,0.085,0.0863,0.08,0.0863,7700
CDL,13-May-2024,62.3,62.57,62.23,62.27,7800
CDLX,13-May-2024,8.93,9.5,8.9089,9.12,1671000
CDMO,13-May-2024,8.72,9,8.67,8.81,1081400
CDNA,13-May-2024,14.95,15.91,14.71,14.98,1670300
CDNS,13-May-2024,289.2,289.2,283.94,284.46,1058100
CDRO,13-May-2024,6.85,7.25,6.85,6.95,23900
CDROW,13-May-2024,0.66,0.6699,0.6599,0.66,6900
CDT,13-May-2024,3.1,3.1299,2.95,3.09,20400
CDTG,13-May-2024,3.14,3.7719,3.14,3.6,11500
CDTX,13-May-2024,12.25,12.7,12.25,12.7,14800
CDW,13-May-2024,223.46,223.46,221.26,222.05,456000
CDXC,13-May-2024,3.41,3.5,3.33,3.38,170600
CDXS,13-May-2024,3.66,3.73,3.55,3.61,480200
CDZI,13-May-2024,2.37,2.5299,2.34,2.51,390500
CDZIP,13-May-2024,12.35,12.5,12.3,12.4,7900
CEAD,13-May-2024,0.672,0.7104,0.672,0.7048,2600
CECO,13-May-2024,25.1,25.19,24.41,24.43,186500
CEFA,13-May-2024,31.57,31.57,31.34,31.46,600
CEG,13-May-2024,217,218.675,212.59,213.59,1919200
CELC,13-May-2024,16.93,17.1,16.39,16.77,98200
CELH,13-May-2024,83.32,87.85,83.295,86.58,4612400
CELU,13-May-2024,2.96,3.035,2.86,2.89,7300
CELUW,13-May-2024,0.0201,0.0245,0.0124,0.0212,3600
CELZ,13-May-2024,4.31,4.525,4.31,4.33,2800
CENN,13-May-2024,1.43,1.47,1.39,1.42,331800
CENT,13-May-2024,46.91,46.91,46.23,46.6,124500
CENTA,13-May-2024,40.25,40.59,39.85,40.08,321800
CENX,13-May-2024,17.33,18.095,17.33,17.78,1434400
CERO,13-May-2024,1.2,1.2,1.13,1.16,50900
CERS,13-May-2024,1.78,2.0213,1.76,2,2418900
CERT,13-May-2024,17,17.19,16.64,16.65,513000
CETX,13-May-2024,0.2893,0.295,0.273,0.2813,839300
CETY,13-May-2024,1.31,1.42,1.28,1.36,88300
CEVA,13-May-2024,19.65,20.1,19.46,19.47,185200
CFA,13-May-2024,80.26,80.47,79.9403,79.985,4500
CFB,13-May-2024,13.49,13.56,13.16,13.18,181900
CFBK,13-May-2024,18.8683,18.9799,18.8,18.8382,2500
CFFI,13-May-2024,42.67,42.67,42.1,42.14,8000
CFFN,13-May-2024,5.11,5.1575,5.085,5.1,496700
CFLT,13-May-2024,29.66,30.01,28.61,29.96,4645300
CFO,13-May-2024,65.19,65.25,64.74,64.78,8500
CFSB,13-May-2024,7.05,7.0779,6.5801,6.5801,8900
CG,13-May-2024,42.66,42.79,41.65,41.72,891300
CGABL,13-May-2024,18.22,18.3099,18.0641,18.16,5900
CGBD,13-May-2024,17.91,17.94,17.83,17.86,200800
CGBDL,13-May-2024,25.9,25.92,25.75,25.92,2300
CGC,13-May-2024,9.11,9.84,8.96,9.38,10148900
CGEM,13-May-2024,27.1,27.6,26.07,26.13,717700
CGEN,13-May-2024,2,2.0814,1.998,2.03,163100
CGNT,13-May-2024,7.54,7.72,7.51,7.68,152100
CGNX,13-May-2024,46.88,47.59,46.81,46.85,1123900
CGO,13-May-2024,10.62,10.62,10.45,10.45,20400
CGON,13-May-2024,29,29.28,25.77,25.84,948600
CGTX,13-May-2024,1.94,2.0199,1.89,1.95,348100
CHCI,13-May-2024,8.05,8.06,7.25,7.33,40200
CHCO,13-May-2024,106.21,106.21,104.4,104.6,35100
CHDN,13-May-2024,138.92,139.255,133.94,134.77,643100
CHEF,13-May-2024,38.7,39.1,38.16,38.4,183200
CHEK,13-May-2024,2.17,2.23,2,2.18,28400
CHI,13-May-2024,11.17,11.2483,11.065,11.12,107000
CHKP,13-May-2024,150.62,152.025,149.2226,150.03,863800
CHMG,13-May-2024,43.4,43.57,43.24,43.24,6300
CHNR,13-May-2024,0.94,0.94,0.9,0.91,66200
CHPS,13-May-2024,32.5099,32.5099,32.37,32.37,700
CHR,13-May-2024,3.06,3.06,2.74,2.7986,4300
CHRD,13-May-2024,180.72,181.31,178.86,181.1,621500
CHRS,13-May-2024,1.92,2.185,1.92,2.09,3629900
CHRW,13-May-2024,82.96,84.68,82.72,84.47,1283100
CHSCL,13-May-2024,25.8506,25.95,25.8469,25.94,17400
CHSCM,13-May-2024,25.39,25.4,25.2269,25.4,18100
CHSCN,13-May-2024,25.9,26.0918,25.7594,25.86,12200
CHSCO,13-May-2024,26.7,26.9398,26.6758,26.92,11200
CHSCP,13-May-2024,30.45,30.45,30.21,30.28,5700
CHSN,13-May-2024,1.88,1.9499,1.88,1.9001,14200
CHTR,13-May-2024,277.42,281.69,273.88,274.65,918500
CHW,13-May-2024,6.59,6.64,6.54,6.56,89600
CHX,13-May-2024,34.53,34.58,34.31,34.42,1027800
CHY,13-May-2024,11.09,11.12,11.01,11.04,143900
CIBR,13-May-2024,54.73,54.94,54.61,54.74,265300
CIFR,13-May-2024,3.84,3.99,3.705,3.72,2900300
CIFRW,13-May-2024,1.06,1.17,1.05,1.16,24300
CIGI,13-May-2024,114.49,115.55,112.185,112.94,77800
CIL,13-May-2024,43.2491,43.2491,42.9901,43.13,1400
CINF,13-May-2024,119.04,119.485,118.13,118.33,300200
CING,13-May-2024,0.761,0.83,0.761,0.7909,91300
CINGW,13-May-2024,0.0249,0.025,0.0249,0.0249,18700
CISO,13-May-2024,0.86,0.9345,0.85,0.85,81600
CISS,13-May-2024,1.28,1.43,1.2619,1.41,1422800
CITEW,13-May-2024,0.0702,0.0702,0.035,0.0411,156500
CIVB,13-May-2024,14.95,15.005,14.55,14.56,38400
CJET,13-May-2024,0.299,0.3201,0.2356,0.3201,40200
CJJD,13-May-2024,2.58,2.66,2.2658,2.66,3800
CKPT,13-May-2024,1.55,1.57,1.5,1.54,297800
CLAR,13-May-2024,6.78,6.885,6.7401,6.79,152100
CLBK,13-May-2024,16.07,16.08,15.73,15.74,49400
CLBT,13-May-2024,11.17,11.26,11.1,11.15,513400
CLDX,13-May-2024,40.38,40.81,39.95,40.11,372700
CLEU,13-May-2024,1.18,1.19,1.1201,1.185,15100
CLFD,13-May-2024,37.35,37.95,36.1524,36.54,184400
CLGN,13-May-2024,6.35,6.6452,6.35,6.565,3100
CLIR,13-May-2024,0.79,0.8,0.7567,0.7737,41000
CLLS,13-May-2024,3.03,3.0376,2.95,2.97,12800
CLMB,13-May-2024,55.3742,55.765,54.64,54.64,13600
CLMT,13-May-2024,15.9,15.9,15.2,15.21,221000
CLNE,13-May-2024,2.51,2.62,2.43,2.48,1854200
CLNN,13-May-2024,0.3917,0.3999,0.361,0.3908,439800
CLNNW,13-May-2024,0.026,0.026,0.026,0.026,10200
CLOA,13-May-2024,51.81,51.81,51.7403,51.75,55400
CLOD,13-May-2024,26.43,26.43,26.17,26.2372,1700
CLOU,13-May-2024,19.97,20.15,19.97,20.11,122500
CLOV,13-May-2024,0.82,0.92,0.82,0.9117,16346400
CLPS,13-May-2024,0.96,0.96,0.9101,0.955,2100
CLPT,13-May-2024,5.94,6.07,5.76,5.85,80600
CLRB,13-May-2024,3.08,3.16,2.98,3.06,640300
CLRC,13-May-2024,11.34,11.34,11.34,11.34,100
CLRO,13-May-2024,0.9041,0.9077,0.88,0.8948,97600
CLSD,13-May-2024,1.24,1.265,1.21,1.23,110200
CLSK,13-May-2024,16.05,17.1,15.41,15.55,25380000
CLSM,13-May-2024,20.26,20.28,20.18,20.2193,18000
CLST,13-May-2024,11.693,11.693,11.685,11.685,5200
CLWT,13-May-2024,1.77,1.81,1.7201,1.81,3000
CMBM,13-May-2024,3.66,3.66,3.5214,3.55,111300
CMCO,13-May-2024,44.75,44.75,44.0801,44.22,109700
CMCSA,13-May-2024,39.57,39.74,39.32,39.7,18405600
CMCT,13-May-2024,3.12,3.12,3.065,3.07,6100
CME,13-May-2024,208.59,211.51,208.54,209.92,1555500
CMLS,13-May-2024,2.68,2.74,2.67,2.7,51800
CMMB,13-May-2024,0.8649,0.8769,0.81,0.814,48700
CMND,13-May-2024,1.34,1.3699,1.27,1.29,332000
CMPO,13-May-2024,6.69,6.75,6.51,6.55,601800
CMPOW,13-May-2024,0.4035,0.42,0.33,0.3502,21900
CMPR,13-May-2024,88.17,88.17,85.405,85.61,129800
CMPS,13-May-2024,8.04,8.2,7.97,8.12,227400
CMPX,13-May-2024,1.71,1.71,1.41,1.56,258100
CMRX,13-May-2024,0.98,1.05,0.9501,1.05,322400
CMTL,13-May-2024,1.7,1.82,1.7,1.73,262600
CNCR,13-May-2024,15.06,15.24,15.0001,15.02,2500
CNDT,13-May-2024,3.73,3.979,3.72,3.94,1269900
CNET,13-May-2024,0.82,0.8689,0.82,0.825,6600
CNEY,13-May-2024,0.7,0.71,0.67,0.6799,32500
CNFR,13-May-2024,0.99,1.02,0.9442,0.9442,9700
CNOB,13-May-2024,20.34,20.75,19.864,19.89,115900
CNOBP,13-May-2024,20.3,20.35,20.0001,20.14,4500
CNSL,13-May-2024,4.33,4.33,4.3,4.31,375400
CNSP,13-May-2024,0.1996,0.2199,0.1901,0.204,328400
CNTA,13-May-2024,9.12,9.33,8.74,8.83,147200
CNTB,13-May-2024,1.5,1.5,1.4,1.45,79400
CNTX,13-May-2024,1.87,1.89,1.65,1.68,255900
CNTY,13-May-2024,2.95,3.1,2.83,2.89,221700
CNVS,13-May-2024,0.85,0.9899,0.84,0.928,270800
CNXC,13-May-2024,61.07,62.88,61.07,62.65,241300
CNXN,13-May-2024,65.39,65.5,64.48,65.1,90700
COCH,13-May-2024,3.16,3.42,3.07,3.1,15100
COCHW,13-May-2024,0.0761,0.09,0.076,0.09,19300
COCO,13-May-2024,26.85,27.7,26.8473,27.63,511700
COCP,13-May-2024,1.81,1.81,1.7,1.73,16700
CODA,13-May-2024,6.86,6.8733,6.56,6.65,12100
CODX,13-May-2024,1.09,1.11,1.07,1.075,41300
COEP,13-May-2024,0.38,0.39,0.3015,0.3561,174900
COEPW,13-May-2024,0.027,0.027,0.027,0.027,100
COFS,13-May-2024,25.1,25.3,25.1,25.3,1800
COGT,13-May-2024,7.68,7.88,7.22,7.35,1467800
COHU,13-May-2024,29.56,30.13,29.38,29.39,217700
COIN,13-May-2024,204,206.665,197.64,199.51,7542100
COKE,13-May-2024,957.2,960.78,952.01,952.01,39200
COLB,13-May-2024,20.47,20.5,20.14,20.22,1498500
COLL,13-May-2024,33.18,33.37,31.371,32.15,884500
COLM,13-May-2024,84.5,86.73,84.1,84.77,560300
COMM,13-May-2024,1.07,1.12,1,1.03,2103200
COMT,13-May-2024,27.09,27.21,27.035,27.13,96900
CONL,13-May-2024,41.5,42.63,39.05,39.78,1725600
COO,13-May-2024,94.72,95.59,92.57,92.83,846100
COOP,13-May-2024,84.86,85,80.78,80.98,636500
COOT,13-May-2024,1.1,1.15,1.0601,1.11,16600
COOTW,13-May-2024,0.0383,0.0431,0.0383,0.0384,1100
COPJ,13-May-2024,23.53,23.55,23.25,23.55,11200
COPP,13-May-2024,26.5,26.51,26.2508,26.4,33700
CORT,13-May-2024,27.35,29.27,27.23,27.53,1769100
CORZ,13-May-2024,3.77,3.78,3.6,3.635,2281600
CORZW,13-May-2024,1.3,1.39,1.2584,1.26,151900
CORZZ,13-May-2024,2.61,2.61,2.35,2.5,226000
COSM,13-May-2024,0.6546,0.7,0.6512,0.6997,38800
COST,13-May-2024,788,789.4814,773.58,775.15,1596700
COWG,13-May-2024,25.78,25.78,25.64,25.67,20000
COWS,13-May-2024,28.84,28.84,28.74,28.75,2100
COYA,13-May-2024,8.37,8.65,8.01,8.08,34500
CPBI,13-May-2024,10,10.13,10,10.03,3700
CPIX,13-May-2024,1.59,1.74,1.58,1.59,7700
CPLS,13-May-2024,34.78,34.83,34.77,34.77,2300
CPOP,13-May-2024,2.63,2.72,2.4531,2.5,453500
CPRT,13-May-2024,55,55.03,54.27,54.59,3815000
CPRX,13-May-2024,16.14,16.515,16.04,16.22,1465900
CPSH,13-May-2024,1.76,1.83,1.7256,1.74,7400
CPSS,13-May-2024,8.34,8.55,8.17,8.17,36300
CPTN,13-May-2024,3.12,3.14,2.85,3.0201,16700
CPTNW,13-May-2024,0.0087,0.0094,0.0075,0.0094,1100
CPZ,13-May-2024,15.76,15.76,15.6001,15.68,39100
CRAI,13-May-2024,166.02,166.43,164.18,164.7,39600
CRBP,13-May-2024,44.8,44.8,41.67,42.87,151900
CRBU,13-May-2024,3.6,3.915,3.6,3.71,2382300
CRCT,13-May-2024,7.04,7.21,6.875,7.17,716300
CRDF,13-May-2024,3.39,3.55,3.39,3.48,341800
CRDL,13-May-2024,2.16,2.21,2.14,2.18,248100
CRDO,13-May-2024,17.68,17.85,17.29,17.76,1789800
CREG,13-May-2024,1.02,1.05,0.97,1.015,39100
CRESW,13-May-2024,0.73,0.73,0.6512,0.6512,6600
CRESY,13-May-2024,10.24,10.2857,9.79,9.86,137700
CREV,13-May-2024,10.98,12.03,10.98,11.3,8900
CREVW,13-May-2024,0.061,0.082,0.061,0.08,8800
CREX,13-May-2024,3.93,3.93,3.64,3.79,93900
CRGO,13-May-2024,2.37,2.4415,2.21,2.21,13700
CRGOW,13-May-2024,0.085,0.085,0.07,0.07,125000
CRGX,13-May-2024,19.25,19.84,18.85,19.51,87200
CRIS,13-May-2024,15.93,16.69,15.1142,15.66,23300
CRKN,13-May-2024,0.0425,0.0481,0.0418,0.0458,13146400
CRMD,13-May-2024,5.13,5.32,5.1,5.3,442900
CRML,13-May-2024,8.52,9.1,8.17,8.68,13700
CRMLW,13-May-2024,0.16,0.16,0.1152,0.1152,24700
CRMT,13-May-2024,59.96,66.43,59.96,63.04,109600
CRNC,13-May-2024,5.38,5.4,5.01,5.1,2928100
CRNT,13-May-2024,2.81,2.81,2.6,2.67,970600
CRNX,13-May-2024,48.16,49,46.88,47.93,1639600
CRON,13-May-2024,2.8,2.96,2.795,2.93,2719700
CROX,13-May-2024,144.59,144.7799,141.02,142.94,903900
CRSP,13-May-2024,51.98,57.96,51.95,55.65,2495600
CRSR,13-May-2024,10.97,11.14,10.82,10.82,443700
CRTO,13-May-2024,37.52,37.95,37.23,37.37,760600
CRUS,13-May-2024,106.14,108.25,105.53,107.78,597000
CRVL,13-May-2024,262,264.6843,259.66,260.41,33300
CRVO,13-May-2024,24.48,24.905,24.05,24.45,19000
CRVS,13-May-2024,2.1,2.16,2.01,2.11,319800
CRWD,13-May-2024,325,325,316.63,319.18,1894300
CRWS,13-May-2024,5.1,5.1,5.05,5.05,18600
CSA,13-May-2024,68.98,68.98,68.5626,68.5626,200
CSB,13-May-2024,56,56.215,55.751,55.77,9400
CSBR,13-May-2024,4.73,4.73,4.73,4.73,600
CSCO,13-May-2024,48.31,48.82,48.23,48.68,15149000
CSF,13-May-2024,50.99,51.03,50.97,50.97,700
CSGP,13-May-2024,90.36,90.93,88.49,88.58,1464200
CSGS,13-May-2024,42.46,43.59,42.16,43.25,413200
CSIQ,13-May-2024,15.81,16.49,15.8,16.06,1813000
CSLM,13-May-2024,11.13,11.13,11.12,11.12,33500
CSLR,13-May-2024,0.5999,0.6151,0.5301,0.5524,500400
CSPI,13-May-2024,13.66,14.27,13.21,13.48,63700
CSQ,13-May-2024,16.1,16.1299,15.98,16.01,164900
CSTE,13-May-2024,6.24,6.43,6.185,6.33,124500
CSTL,13-May-2024,24.54,24.88,24.2,24.25,218900
CSWC,13-May-2024,26.71,26.94,26.64,26.73,217100
CSWCZ,13-May-2024,25.74,25.87,25.7,25.78,2200
CSWI,13-May-2024,248.93,248.93,241.94,241.94,78200
CSX,13-May-2024,34.58,34.62,34.13,34.52,10039100
CTAS,13-May-2024,702.98,703.025,689.91,690.11,270800
CTBI,13-May-2024,44,44.22,43.46,43.46,27800
CTCX,13-May-2024,2.11,2.1799,2.11,2.1799,600
CTEC,13-May-2024,8.85,9.09,8.85,9,5400
CTHR,13-May-2024,0.2925,0.3,0.27,0.28,279700
CTKB,13-May-2024,6.3,6.43,6.09,6.18,1243000
CTLP,13-May-2024,6.8,6.8,6.36,6.37,571600
CTMX,13-May-2024,1.95,2.01,1.88,1.89,6114500
CTNM,13-May-2024,15.94,15.94,15.27,15.48,27600
CTNT,13-May-2024,1.46,1.46,1.14,1.19,380600
CTRM,13-May-2024,3.56,3.95,3.56,3.85,95800
CTRN,13-May-2024,23.34,23.84,23,23.51,56200
CTSH,13-May-2024,67.47,68.21,67.3199,67.87,3134700
CTSO,13-May-2024,0.9215,0.9215,0.821,0.8348,149000
CTXR,13-May-2024,0.6825,0.6999,0.67,0.6953,612500
CUBA,13-May-2024,2.5,2.5,2.45,2.46,70000
CUE,13-May-2024,1.74,1.83,1.65,1.65,98100
CURI,13-May-2024,1.15,1.19,1.11,1.11,93900
CURIW,13-May-2024,0.0176,0.0181,0.0176,0.018,700
CUTR,13-May-2024,2.19,2.355,2.174,2.23,607400
CVAC,13-May-2024,2.92,3.05,2.9005,2.97,228200
CVBF,13-May-2024,17.35,17.415,17.08,17.09,510900
CVCO,13-May-2024,379.5,380.76,371.44,372.2,51000
CVGI,13-May-2024,5.67,5.68,5.49,5.5,98700
CVGW,13-May-2024,28.84,28.99,28.06,28.38,112500
CVKD,13-May-2024,0.47,0.472,0.4401,0.4401,98900
CVLT,13-May-2024,111.56,111.845,107.945,108.36,575200
CVRX,13-May-2024,7.3,7.69,7.22,7.69,209300
CVV,13-May-2024,4.92,5.25,4.92,5.045,27200
CWBC,13-May-2024,17.51,17.59,17.09,17.14,50000
CWCO,13-May-2024,28,29.59,27.8801,28.35,358300
CWD,13-May-2024,0.7825,0.83,0.76,0.8166,30300
CWST,13-May-2024,98.28,98.28,95.68,96.47,270500
CXAI,13-May-2024,3.55,3.68,3.27,3.35,1139600
CXAIW,13-May-2024,0.2334,0.2675,0.2334,0.26,37000
CXDO,13-May-2024,3.77,3.97,3.65,3.74,284700
CXSE,13-May-2024,29.46,29.7633,29.46,29.71,17600
CYBR,13-May-2024,233.98,236.17,231.9247,234.02,237000
CYCC,13-May-2024,2.46,2.7199,2.3701,2.54,387500
CYN,13-May-2024,0.075,0.0769,0.0677,0.0701,9580100
CYRX,13-May-2024,13.5,14,13.2,13.28,409200
CYTH,13-May-2024,1.45,1.4883,1.4,1.4,20500
CYTK,13-May-2024,63.33,63.4573,55.91,57.89,3552100
CZAR,13-May-2024,27.4,27.4,27.0201,27.2647,5500
CZFS,13-May-2024,47.5,47.5,43.65,43.66,13900
CZNC,13-May-2024,18.15,18.15,17.67,17.67,16200
CZR,13-May-2024,36.39,37.14,36.06,36.27,2557800
CZWI,13-May-2024,11.31,11.52,11.07,11.07,28600
DADA,13-May-2024,1.9,1.97,1.89,1.91,1908200
DAIO,13-May-2024,2.87,2.93,2.82,2.85,17400
DAKT,13-May-2024,11.37,11.56,11.18,11.25,430400
DALI,13-May-2024,23.7,23.7181,23.59,23.62,44600
DALN,13-May-2024,3.71,3.79,3.6601,3.67,14600
DAPP,13-May-2024,9.25,9.48,9.0401,9.11,52100
DARE,13-May-2024,0.306,0.32,0.3051,0.3152,181200
DASH,13-May-2024,115.37,116.86,114.1,116.51,4717100
DATS,13-May-2024,1.81,2.04,1.69,1.93,847400
DAVE,13-May-2024,50.34,52.99,48.2,48.97,143000
DAVEW,13-May-2024,0.0601,0.07,0.0601,0.07,11600
DAWN,13-May-2024,16.15,16.38,15.81,16.05,467400
DAX,13-May-2024,33.72,33.7935,33.65,33.65,7500
DBVT,13-May-2024,0.6,0.6322,0.42,0.54,136400
DBX,13-May-2024,23.2,24.02,23.07,23.79,5566400
DCBO,13-May-2024,36.35,37.8399,35.5368,36.26,424500
DCGO,13-May-2024,3.05,3.185,3.05,3.16,1011600
DCOM,13-May-2024,20.1,20.25,19.72,19.75,113000
DCOMP,13-May-2024,17.48,17.4844,17.15,17.1586,3000
DCTH,13-May-2024,5.77,5.8,5.3,5.4,370500
DDI,13-May-2024,12.5,12.73,11.92,12.43,20800
DDIV,13-May-2024,33.79,33.7901,33.54,33.5436,78500
DDOG,13-May-2024,119.39,119.8,118.11,118.26,3235100
DECA,13-May-2024,7.97,7.97,7.66,7.75,6300
DECAW,13-May-2024,0.0305,0.0305,0.0305,0.0305,100
DEMZ,13-May-2024,32.94,32.94,32.83,32.83,2200
DENN,13-May-2024,8.19,8.299,8.04,8.06,496900
DERM,13-May-2024,3.49,3.74,3.4501,3.57,40400
DFGP,13-May-2024,52.85,52.87,52.77,52.78,49200
DFGX,13-May-2024,52.45,52.52,52.32,52.45,35700
DFLI,13-May-2024,1.19,1.28,1.09,1.19,1061700
DFLIW,13-May-2024,0.047,0.0598,0.0459,0.0548,10700
DGCB,13-May-2024,52.535,52.58,52.47,52.485,35000
DGHI,13-May-2024,1.35,1.5042,1.295,1.33,20700
DGICA,13-May-2024,13.37,13.37,13.14,13.17,40900
DGII,13-May-2024,27.67,27.99,26.84,27.05,171100
DGLY,13-May-2024,2.55,2.8599,2.55,2.8599,10400
DGRE,13-May-2024,25.87,25.87,25.64,25.75,19800
DGRS,13-May-2024,49.02,49.1587,48.8042,48.8042,13800
DGRW,13-May-2024,75.86,75.87,75.46,75.52,305300
DH,13-May-2024,5.38,5.66,5.35,5.43,1002000
DHAI,13-May-2024,1.81,1.81,1.602,1.65,115700
DHAIW,13-May-2024,0.0423,0.0423,0.0423,0.0423,2200
DHC,13-May-2024,2.33,2.42,2.32,2.39,915700
DHCNI,13-May-2024,13.01,13.34,12.91,13.11,9800
DHCNL,13-May-2024,14.5,14.5,14.3,14.48,7400
DHIL,13-May-2024,156,157.05,155.07,155.26,15200
DIBS,13-May-2024,6.05,6.2,5.9601,6.07,113900
DIOD,13-May-2024,70.82,72.4,70.0201,70.94,412300
DIST,13-May-2024,10.72,10.72,10.71,10.72,8700
DIVD,13-May-2024,33.28,33.28,33.21,33.24,2700
DJCO,13-May-2024,379.1,381.6,379,379.62,7800
DJT,13-May-2024,53.34,56.55,51.2,51.65,6446600
DJTWW,13-May-2024,22.56,24.96,22.515,23.9,272200
DKNG,13-May-2024,43.6,43.655,42.77,43.21,5648600
DLHC,13-May-2024,11.63,11.63,10.92,10.92,70400
DLO,13-May-2024,13.41,13.745,13.3,13.42,1629800
DLPN,13-May-2024,1.22,1.2267,1.12,1.16,58400
DLTH,13-May-2024,4.32,4.49,4.32,4.37,47700
DLTR,13-May-2024,122.34,122.51,119.85,120.2,2231800
DMAC,13-May-2024,3.06,3.23,3.005,3.19,18100
DMAT,13-May-2024,16.9,16.9,16.9,16.9,100
DMLP,13-May-2024,32.7,32.71,32.1701,32.42,31000
DMRC,13-May-2024,23.19,24.43,23.19,23.98,141900
DMXF,13-May-2024,68.28,68.5,68.15,68.29,26400
DNLI,13-May-2024,18.47,19.46,18.37,19.3,771900
DNTH,13-May-2024,24.51,26.185,23.69,26.01,103000
DNUT,13-May-2024,12.98,13.0999,12.28,12.32,2726400
DOCU,13-May-2024,58.03,59.93,58.015,59.76,1387300
DOGZ,13-May-2024,6.46,7.9,6.1,7.9,145100
DOMH,13-May-2024,2.04,2.36,2.04,2.05,7500
DOMO,13-May-2024,7.26,7.6117,7.2233,7.35,494300
DOOO,13-May-2024,70.76,72.01,68.89,69.22,90200
DORM,13-May-2024,92.65,94.285,92.65,93.34,122900
DOX,13-May-2024,83.23,84.52,83.1801,84,1033900
DOYU,13-May-2024,9.51,10.19,9.5,9.82,166900
DPRO,13-May-2024,0.265,0.2699,0.2484,0.2599,853800
DRCT,13-May-2024,4.03,4.2829,3.8,3.9,114400
DRIO,13-May-2024,1.62,1.78,1.585,1.75,152700
DRIV,13-May-2024,24.12,24.45,24.12,24.32,51000
DRMA,13-May-2024,0.36,0.39,0.34,0.38,119600
DRMAW,13-May-2024,0.0169,0.0169,0.0169,0.0169,1100
DRRX,13-May-2024,1.09,1.15,1.01,1.07,98000
DRS,13-May-2024,22.9,23.01,22.635,22.84,570300
DRTS,13-May-2024,2.585,2.65,2.585,2.65,18000
DRTSW,13-May-2024,0.1978,0.2317,0.1978,0.2317,8400
DRUG,13-May-2024,1.0115,1.1,1.0115,1.1,5000
DRVN,13-May-2024,11.38,11.46,11.06,11.24,1635400
DSGN,13-May-2024,4.63,4.77,4.532,4.55,224000
DSGR,13-May-2024,35.53,35.53,34.03,34.11,42700
DSGX,13-May-2024,98.07,98.07,96.9,97.41,75700
DSP,13-May-2024,8.69,8.9199,8.64,8.88,135400
DSWL,13-May-2024,2.4,2.42,2.31,2.38,3800
DTCK,13-May-2024,1.11,1.141,1.08,1.1,62100
DTCR,13-May-2024,14.69,14.74,14.565,14.63,49100
DTI,13-May-2024,5.6,5.62,5.44,5.47,48000
DTIL,13-May-2024,12.05,12.05,11.1,11.5,105700
DTSS,13-May-2024,7.45,7.455,7.11,7.16,31000
DTST,13-May-2024,5.72,5.8,5.45,5.6,81300
DTSTW,13-May-2024,0.82,0.82,0.75,0.77,14200
DUO,13-May-2024,0.369,0.394,0.351,0.384,215000
DUOL,13-May-2024,188.2,189.302,176.81,180.99,1751000
DUOT,13-May-2024,2.5,2.6,2.42,2.55,44000
DVAL,13-May-2024,13.27,13.275,13.22,13.225,4400
DVAX,13-May-2024,10.74,11.065,10.595,11.03,2576300
DVLU,13-May-2024,29.14,29.16,29.04,29.04,5300
DVOL,13-May-2024,30.28,30.28,30.1333,30.1333,5600
DVY,13-May-2024,124.48,125.2,124.31,124.38,366000
DWAS,13-May-2024,88.74,88.74,87.41,87.47,176800
DWAW,13-May-2024,36.5364,36.5364,36.5364,36.5364,0
DWSH,13-May-2024,7.2,7.2,7.08,7.15,25500
DWSN,13-May-2024,1.38,1.46,1.27,1.4,55700
DWUS,13-May-2024,43.76,43.76,43.7216,43.7216,600
DXCM,13-May-2024,128.225,128.225,124.745,124.95,2596500
DXJS,13-May-2024,34.32,34.37,34.2131,34.2975,25500
DXLG,13-May-2024,3.31,3.37,3.31,3.31,88100
DXPE,13-May-2024,52.11,52.35,50.29,50.51,261900
DXR,13-May-2024,9.5,9.5,9.4,9.4,500
DYAI,13-May-2024,1.487,1.5609,1.45,1.53,40800
DYFI,13-May-2024,24.3399,24.3526,24.31,24.3526,4300
DYN,13-May-2024,26.31,28,26.215,26.62,959600
DYNI,13-May-2024,27.82,27.83,27.78,27.82,10400
DYTA,13-May-2024,29.0056,29.0056,28.94,28.9667,6400
EA,13-May-2024,127.43,128.13,126.45,126.58,2383000
EAST,13-May-2024,1.48,1.51,1.36,1.49,189800
EBAY,13-May-2024,51.14,52.16,51.04,51.99,5039600
EBC,13-May-2024,13.91,13.975,13.765,13.84,713500
EBIZ,13-May-2024,24.59,24.85,24.52,24.64,7600
EBMT,13-May-2024,13.17,13.18,12.94,13,5900
EBON,13-May-2024,7.81,8.15,7.73,8.15,26000
EBTC,13-May-2024,25.3,25.3,24.88,24.88,21200
ECBK,13-May-2024,11.77,12.29,11.76,12.2699,18100
ECDA,13-May-2024,1.14,1.1732,1.07,1.16,56000
ECOR,13-May-2024,6.84,7.25,6.8,7.25,9800
ECOW,13-May-2024,21.7,21.79,21.6101,21.67,86600
ECPG,13-May-2024,47.58,48,46.98,47.31,91500
ECX,13-May-2024,1.6,1.68,1.5905,1.68,20000
ECXWW,13-May-2024,0.0202,0.0202,0.0202,0.0202,100
EDAP,13-May-2024,7,7.11,6.9,7.1,9200
EDBL,13-May-2024,3.95,3.95,3.7,3.78,67200
EDBLW,13-May-2024,0.02,0.02,0.0125,0.0125,16200
EDIT,13-May-2024,5.43,6.04,5.4,5.71,1925100
EDOC,13-May-2024,9.12,9.27,9.12,9.26,9000
EDRY,13-May-2024,21.84,21.9499,21,21.825,2800
EDSA,13-May-2024,4.61,4.64,4.15,4.435,4600
EDTK,13-May-2024,0.92,0.92,0.91,0.92,11500
EDUC,13-May-2024,2.27,2.315,2.1,2.18,6700
EEFT,13-May-2024,114.56,115.88,113.87,114.07,264400
EEMA,13-May-2024,71.31,71.7627,71.31,71.72,6900
EFAS,13-May-2024,14.93,14.98,14.915,14.98,900
EFOI,13-May-2024,1.65,1.65,1.65,1.65,1200
EFRA,13-May-2024,31.882,31.882,31.882,31.882,100
EFSC,13-May-2024,40.22,40.7,39.81,39.85,71100
EFSCP,13-May-2024,19.26,19.3,19.21,19.26,1300
EGAN,13-May-2024,5.79,6.14,5.6,6.11,194300
EGBN,13-May-2024,20.08,20.32,19.84,19.97,517900
EGHT,13-May-2024,2.64,2.765,2.6206,2.68,1006000
EH,13-May-2024,17.72,18.2,17.42,17.94,988300
EHLS,13-May-2024,20.53,20.53,20.4965,20.4965,1500
EHTH,13-May-2024,5.18,5.47,5.18,5.4,226500
EJH,13-May-2024,0.63,0.72,0.63,0.718,2600500
EKG,13-May-2024,16.12,16.17,16.09,16.17,1100
EKSO,13-May-2024,1.39,1.39,1.3319,1.38,73100
ELAB,13-May-2024,0.6507,0.67,0.65,0.6503,73900
ELBM,13-May-2024,0.4595,0.4699,0.4579,0.4653,15800
ELDN,13-May-2024,2.08,2.29,2,2.19,237700
ELEV,13-May-2024,3.32,3.55,3.28,3.54,248500
ELSE,13-May-2024,4.1,4.1238,3.93,4,11100
ELTK,13-May-2024,10.54,10.58,10.15,10.21,33300
ELTX,13-May-2024,9.6,9.7,9.23,9.65,52900
ELUT,13-May-2024,3.2146,4,3.2146,3.42,65000
ELVA,13-May-2024,3.2,3.54,3.13,3.54,50700
ELVN,13-May-2024,24.29,24.7,24.14,24.49,196200
ELWS,13-May-2024,0.563,0.62,0.563,0.5969,273900
EM,13-May-2024,1.08,1.08,0.99,1.06,563200
EMB,13-May-2024,88.74,88.88,88.72,88.75,2199600
EMBC,13-May-2024,14.29,14.565,14.15,14.18,482200
EMCB,13-May-2024,64.33,64.6,64.1,64.3105,3700
EMCGW,13-May-2024,0.021,0.0217,0.021,0.0217,1200
EMIF,13-May-2024,23.13,23.13,23.05,23.12,900
EMKR,13-May-2024,1.05,1.05,0.9701,1,830200
EML,13-May-2024,28.64,28.72,28.1,28.25,17800
EMXC,13-May-2024,57.82,57.83,57.575,57.64,819300
EMXF,13-May-2024,37.26,37.26,37.14,37.21,9600
ENGN,13-May-2024,14.25,14.365,14.125,14.23,4600
ENGNW,13-May-2024,3.91,3.91,3.51,3.51,2700
ENLT,13-May-2024,18.3,18.3,18.095,18.17,6400
ENLV,13-May-2024,1.55,1.55,1.42,1.46,32600
ENPH,13-May-2024,108.69,113.49,108.69,110.78,2950100
ENSC,13-May-2024,0.55,0.59,0.55,0.585,343400
ENSG,13-May-2024,118.9,119.43,117.56,117.74,200400
ENTA,13-May-2024,12.73,12.95,12.47,12.91,164000
ENTG,13-May-2024,131.78,131.78,128.77,128.79,914200
ENTX,13-May-2024,2.51,2.51,2.32,2.34,89200
ENVB,13-May-2024,0.88,0.9072,0.84,0.8406,570700
ENVX,13-May-2024,8.64,9.72,8.6,8.78,9823600
ENZL,13-May-2024,44.83,44.85,44.62,44.85,2300
EOLS,13-May-2024,12.81,13.03,12.6,12.61,593500
EOSE,13-May-2024,0.7384,0.7529,0.702,0.7202,6156100
EOSEW,13-May-2024,0.0892,0.1195,0.0805,0.1195,15400
EPIX,13-May-2024,6,6.14,5.83,5.93,24500
EPOW,13-May-2024,0.78,0.78,0.6994,0.73,9400
EPRX,13-May-2024,2.9,2.94,2.88,2.9,19000
EPSN,13-May-2024,5.26,5.35,5.2,5.23,49300
EQ,13-May-2024,1.51,1.6591,1.4901,1.54,58000
EQIX,13-May-2024,760.46,777.69,755.45,776.89,651900
EQRR,13-May-2024,59.9985,59.9985,59.7446,59.7446,200
ERAS,13-May-2024,1.88,1.97,1.86,1.9,357300
ERET,13-May-2024,25.003,25.003,25.003,25.003,100
ERIC,13-May-2024,5.31,5.395,5.3,5.36,11220000
ERIE,13-May-2024,406.86,409.445,401.8,402.73,85800
ERII,13-May-2024,13.95,14.175,13.82,13.86,321700
ERNA,13-May-2024,2.04,2.205,2.04,2.14,1900
ERNZ,13-May-2024,25.3109,25.41,25.2831,25.305,396100
ESCA,13-May-2024,13.62,13.9799,13.3,13.45,13900
ESEA,13-May-2024,38.08,38.97,37.9,38.49,16900
ESGD,13-May-2024,80.7,80.84,80.53,80.6,153700
ESGE,13-May-2024,33.6,33.76,33.5517,33.66,477900
ESGL,13-May-2024,0.615,0.6304,0.558,0.58,84800
ESGLW,13-May-2024,0.0046,0.0075,0.0046,0.0075,3500
ESGR,13-May-2024,308.77,314.93,305.41,305.46,72200
ESGRO,13-May-2024,24.79,24.85,24.79,24.83,3600
ESGRP,13-May-2024,25.53,25.67,25.47,25.61,7100
ESGU,13-May-2024,114.97,114.97,114.381,114.61,450100
ESLA,13-May-2024,1.12,1.12,1.01,1.07,12400
ESLAW,13-May-2024,0.0489,0.049,0.0416,0.049,12000
ESLT,13-May-2024,199.32,199.57,197.62,197.62,10100
ESMV,13-May-2024,26.37,26.37,26.37,26.37,100
ESOA,13-May-2024,6.72,6.74,5.7,6.01,715900
ESPO,13-May-2024,64.64,66.22,64.4,65.06,22400
ESPR,13-May-2024,2.18,2.32,2.17,2.23,4425000
ESQ,13-May-2024,50.21,50.21,48.98,48.98,20700
ESSA,13-May-2024,17.43,17.541,17,17,7300
ESTA,13-May-2024,56.33,56.63,55.35,56.19,221800
ETEC,13-May-2024,22.24,22.2401,22.17,22.17,500
ETNB,13-May-2024,8.6,8.83,8.6,8.7,915100
ETON,13-May-2024,3.4,3.68,3.35,3.55,28000
ETSY,13-May-2024,62.71,63.92,61.84,62.51,3722000
EU,13-May-2024,4.8,4.95,4.47,4.54,1441800
EUDA,13-May-2024,2.22,2.499,2.22,2.35,36200
EUFN,13-May-2024,23.53,23.61,23.53,23.55,310100
EVAX,13-May-2024,3.81,3.8193,3.64,3.77,10400
EVCM,13-May-2024,10.18,10.18,9.92,10.09,134600
EVER,13-May-2024,22.99,23.73,22.65,23.36,416900
EVGN,13-May-2024,0.69,0.7,0.6634,0.6809,40900
EVGO,13-May-2024,1.86,2.04,1.86,1.95,3573000
EVGOW,13-May-2024,0.145,0.1649,0.1401,0.15,9200
EVGR,13-May-2024,11.4,11.4,11.4,11.4,400
EVLV,13-May-2024,2.53,2.56,2.26,2.41,4052100
EVLVW,13-May-2024,0.25,0.25,0.21,0.22,20800
EVMT,13-May-2024,17.99,18.1,17.99,18.06,1400
EVO,13-May-2024,5.26,5.39,5.2401,5.35,84700
EVOK,13-May-2024,0.49,0.499,0.47,0.471,17100
EVRG,13-May-2024,55.69,56.06,55.45,55.74,2802500
EVTV,13-May-2024,2.24,2.24,2.17,2.2,5500
EWBC,13-May-2024,77.65,78.19,77.11,77.18,492100
EWCZ,13-May-2024,11.16,11.29,10.99,11.13,563300
EWJV,13-May-2024,32.19,32.19,32.05,32.06,67800
EWTX,13-May-2024,18.57,18.57,17.41,17.48,637400
EWZS,13-May-2024,13.5,13.5,13.37,13.39,55800
EXAS,13-May-2024,53.68,55.77,53.58,55.59,2703500
EXC,13-May-2024,37.88,38.29,37.82,38.13,8883400
EXEL,13-May-2024,21.37,21.59,21.125,21.27,1988500
EXFY,13-May-2024,1.77,1.81,1.71,1.74,284600
EXLS,13-May-2024,30.83,30.95,30.33,30.39,834800
EXPE,13-May-2024,113.46,114.02,112.35,112.67,2856400
EXPI,13-May-2024,12.53,13.35,12.48,12.57,1664300
EXPO,13-May-2024,95.02,95.34,94.45,94.72,243100
EXTR,13-May-2024,10.82,10.87,10.56,10.71,2198300
EYE,13-May-2024,14.9,15.63,14.81,14.94,1298500
EYEG,13-May-2024,35.0853,35.0853,35.0853,35.0853,0
EYEN,13-May-2024,0.79,0.829,0.751,0.8157,735200
EYPT,13-May-2024,12.2,12.51,11.94,12.22,1182000
EZFL,13-May-2024,2.45,2.71,2.235,2.58,32400
EZGO,13-May-2024,1.99,1.99,1.8358,1.9,40600
EZPW,13-May-2024,10.27,10.47,10.27,10.31,398900
FA,13-May-2024,16.05,16.38,15.885,15.89,293000
FAAR,13-May-2024,28.24,28.26,28.01,28.02,7500
FAAS,13-May-2024,8.13,8.9,7.82,7.82,14400
FAASW,13-May-2024,0.088,0.09,0.067,0.0765,24100
FAB,13-May-2024,81.64,81.64,81.12,81.1651,2700
FAD,13-May-2024,122.8115,122.9,122.0279,122.0279,1400
FALN,13-May-2024,26.48,26.48,26.4,26.41,216000
FAMI,13-May-2024,0.8197,0.8295,0.8108,0.812,27000
FANG,13-May-2024,203.19,203.29,200.125,200.77,1384100
FARM,13-May-2024,3.23,3.23,3,3.11,76800
FARO,13-May-2024,19.18,19.3,18.67,18.76,115200
FAST,13-May-2024,68,68.2,67.07,67.36,2188600
FAT,13-May-2024,5.67,5.67,5.3158,5.46,188800
FATBB,13-May-2024,5.02,5.52,5.01,5.01,7600
FATBP,13-May-2024,13.78,14.2267,13.78,14.05,16600
FATBW,13-May-2024,2.8,3,2.64,2.91,4900
FATE,13-May-2024,4.09,4.54,4.09,4.15,2817500
FBIO,13-May-2024,1.74,1.74,1.67,1.7,142200
FBIOP,13-May-2024,16,16.9994,15.98,16.3398,7200
FBIZ,13-May-2024,34.87,34.87,34.02,34.05,11900
FBL,13-May-2024,23.85,24,22.95,23.48,560100
FBLG,13-May-2024,9.35,10.325,8.76,10.24,53300
FBNC,13-May-2024,31.88,32,31.61,31.74,110800
FBOT,13-May-2024,26.14,26.14,26.04,26.04,7300
FBRX,13-May-2024,0.7206,0.7206,0.71,0.71,18100
FBYD,13-May-2024,9.7457,9.764,9.2403,9.76,1600
FBZ,13-May-2024,11.55,11.55,11.495,11.495,1500
FCA,13-May-2024,21.605,21.6999,21.48,21.66,51300
FCAL,13-May-2024,49.445,49.54,49.445,49.51,6100
FCAP,13-May-2024,28.49,28.5,28.3925,28.5,1200
FCBC,13-May-2024,35.6,35.61,34.82,34.83,36100
FCCO,13-May-2024,16.28,16.35,16.01,16.2,70200
FCEF,13-May-2024,20.8601,20.87,20.8601,20.87,300
FCEL,13-May-2024,0.65,0.7469,0.64,0.7132,73938700
FCFS,13-May-2024,120.14,120.37,117.9,118.04,150800
FCNCA,13-May-2024,1741,1752.86,1735.69,1742.85,61800
FCNCO,13-May-2024,22.84,22.86,22.6635,22.78,5800
FCNCP,13-May-2024,21.59,21.79,21.59,21.7699,8100
FCUV,13-May-2024,0.299,0.302,0.275,0.2971,262400
FCVT,13-May-2024,33.44,33.52,33.33,33.37,118500
FDBC,13-May-2024,46.4,46.4,46.0965,46.16,1300
FDCF,13-May-2024,33.37,33.37,33.09,33.21,4000
FDFF,13-May-2024,30.2601,30.2601,30.15,30.15,1900
FDIF,13-May-2024,28.17,28.26,28.11,28.11,18000
FDIG,13-May-2024,24.61,24.98,24.1001,24.26,33000
FDIV,13-May-2024,27.87,27.97,27.825,27.89,10100
FDMT,13-May-2024,25.94,27.36,25.2,25.57,593800
FDNI,13-May-2024,24.57,24.795,24.57,24.69,2500
FDT,13-May-2024,56.225,56.27,56.009,56.11,13900
FDTS,13-May-2024,42.5801,42.5801,42.5,42.5801,100
FDTX,13-May-2024,31.61,31.61,31.38,31.46,18700
FDUS,13-May-2024,20.1,20.1458,19.98,20.04,264800
FEAM,13-May-2024,1.46,1.46,1.4,1.44,74500
FEBO,13-May-2024,13.4,15.18,13.4,14.76,39200
FEIM,13-May-2024,9.56,9.6743,9.51,9.51,15000
FELE,13-May-2024,102.99,103.57,101.9,101.92,173800
FEM,13-May-2024,24.72,24.745,24.6,24.61,27200
FEMB,13-May-2024,27.79,27.9,27.74,27.77,18000
FEMS,13-May-2024,40.77,41.02,40.4901,40.785,27700
FEMY,13-May-2024,1.24,1.3,1.21,1.27,182400
FENC,13-May-2024,9.88,10.0657,9.8,10.02,127500
FEP,13-May-2024,38.66,38.76,38.5912,38.66,15900
FEPI,13-May-2024,53.91,54.1688,53.8668,54.07,93700
FER,13-May-2024,38,38.61,37.805,37.9,8700
FEUZ,13-May-2024,43.86,43.86,43.85,43.86,400
FEX,13-May-2024,98.01,98.01,97.28,97.3168,10600
FFBC,13-May-2024,23.84,23.9,23.63,23.65,281200
FFIC,13-May-2024,12.43,12.795,12.35,12.56,146700
FFIE,13-May-2024,0.048,0.07,0.0451,0.061,291471800
FFIEW,13-May-2024,0.011,0.014,0.0094,0.012,394500
FFIN,13-May-2024,31.2,31.23,30.98,31.14,313700
FFIV,13-May-2024,171.29,172.92,170.87,171.4,451700
FFNW,13-May-2024,20.78,20.805,20.64,20.64,15700
FGBI,13-May-2024,11.01,11.34,11.01,11.34,2900
FGBIP,13-May-2024,19.45,19.9319,19.44,19.9319,600
FGEN,13-May-2024,1.17,1.29,1.15,1.21,1387000
FGF,13-May-2024,1.24,1.2799,1.17,1.21,48600
FGFPP,13-May-2024,18.35,18.35,18.35,18.35,300
FGI,13-May-2024,1.07,1.12,1.0201,1.1,6500
FGIWW,13-May-2024,0.2,0.23,0.1755,0.23,8000
FGM,13-May-2024,40.35,40.45,40.3,40.45,400
FHB,13-May-2024,22.22,22.295,22.07,22.11,355700
FHTX,13-May-2024,5.63,6.07,5.52,5.67,59700
FIBK,13-May-2024,27.95,28.01,27.51,27.51,374700
FICS,13-May-2024,34.895,34.895,34.76,34.7816,22200
FID,13-May-2024,16.35,16.42,16.32,16.35,20100
FINE,13-May-2024,24.26,24.38,24.26,24.325,4300
FINW,13-May-2024,10.9,10.9,10.6,10.6,3400
FINX,13-May-2024,25.75,25.95,25.61,25.66,48500
FIP,13-May-2024,7.9,8.2,7.75,8.03,1422700
FISI,13-May-2024,18.98,18.98,18.45,18.69,100400
FITB,13-May-2024,39,39.12,38.15,38.2,3995900
FITBI,13-May-2024,25.6,25.6699,25.5125,25.52,14100
FITBO,13-May-2024,21.73,21.8092,21.48,21.72,9400
FITBP,13-May-2024,23.8,23.85,23.64,23.82,6600
FIVE,13-May-2024,141.22,144.28,139.19,140.03,1317200
FIVN,13-May-2024,53.38,54.91,53.235,53.45,1078600
FIXD,13-May-2024,42.84,42.84,42.745,42.76,355700
FIZZ,13-May-2024,48.26,49.18,48,48.39,135000
FJP,13-May-2024,52.85,52.904,52.49,52.55,10500
FKU,13-May-2024,38.66,38.6636,38.44,38.44,400
FKWL,13-May-2024,2.95,2.95,2.95,2.95,1400
FLDB,13-May-2024,50.25,50.25,50.25,50.25,100
FLEX,13-May-2024,28.8,28.92,28.53,28.56,2887900
FLGC,13-May-2024,1.38,1.47,1.34,1.35,222300
FLGT,13-May-2024,21.98,22.54,21.98,22.19,152100
FLIC,13-May-2024,10.58,10.6,10.48,10.48,53900
FLL,13-May-2024,5.2,5.2313,4.99,5.13,128600
FLN,13-May-2024,19.92,19.935,19.92,19.935,800
FLNC,13-May-2024,17.27,17.75,17.01,17.41,2483800
FLNT,13-May-2024,4.17,4.19,3.855,4.01,54500
FLUX,13-May-2024,3.5,3.5359,3.2,3.22,111300
FLWS,13-May-2024,9.33,9.835,9.33,9.82,308700
FLXS,13-May-2024,34.71,35.45,33.83,33.83,15700
FLYW,13-May-2024,17.63,17.9,16.925,17.21,1569600
FMAO,13-May-2024,22.51,22.54,22.0377,22.53,13100
FMB,13-May-2024,51.26,51.26,51.1701,51.19,126600
FMBH,13-May-2024,33.19,33.22,32.5814,32.89,41100
FMED,13-May-2024,24.3,24.3,24.0643,24.0643,3100
FMET,13-May-2024,28.92,29.06,28.92,28.93,5400
FMHI,13-May-2024,48.13,48.1499,48.03,48.07,50600
FMNB,13-May-2024,12.79,12.79,12.455,12.48,59900
FMST,13-May-2024,2.52,2.52,2.425,2.45,2700
FNGR,13-May-2024,3.18,3.47,3.18,3.4,274700
FNK,13-May-2024,53.2812,53.39,53.1004,53.1004,9200
FNKO,13-May-2024,7.28,7.84,7.21,7.7,2053100
FNLC,13-May-2024,23.34,23.6216,23.3,23.3,12500
FNWB,13-May-2024,10.74,10.98,10.56,10.6,19700
FNWD,13-May-2024,24.32,24.65,24.32,24.32,2700
FNX,13-May-2024,111.68,111.97,111.0403,111.0403,14500
FNY,13-May-2024,74.65,74.65,73.7369,73.7369,11100
FOLD,13-May-2024,9.33,9.45,9.02,9.04,2762200
FONR,13-May-2024,16.88,17.3,16.24,16.24,26000
FORA,13-May-2024,2.71,2.8,2.62,2.62,12600
FORD,13-May-2024,0.5199,0.554,0.5105,0.5143,41400
FORM,13-May-2024,56.55,56.97,54.89,55.02,430600
FORR,13-May-2024,19.16,19.605,19.12,19.33,101400
FORTY,13-May-2024,82.775,82.775,82.775,82.775,300
FOSL,13-May-2024,0.96,1.0772,0.96,1.03,918700
FOSLL,13-May-2024,10.19,10.5,10.19,10.48,11700
FOX,13-May-2024,31.06,31.25,30.73,30.74,1035900
FOXA,13-May-2024,33.49,33.81,33.14,33.18,3073900
FOXF,13-May-2024,47.83,49.7,47.41,47.78,617800
FPA,13-May-2024,27.65,27.93,27.65,27.93,100
FPAY,13-May-2024,1.1,1.14,1.0801,1.1031,80600
FPXE,13-May-2024,25.2,25.24,25.17,25.195,2800
FPXI,13-May-2024,46.69,46.7138,46.53,46.61,8200
FRAF,13-May-2024,27.38,27.8,26.83,26.83,26000
FRBA,13-May-2024,12.35,12.47,11.955,12.01,45400
FRGT,13-May-2024,0.686,0.686,0.633,0.6371,151700
FRHC,13-May-2024,69.65,70.07,68.82,69.25,37400
FRME,13-May-2024,36.27,36.27,35.42,35.43,163400
FROG,13-May-2024,33.34,34.4,32.02,34.1,2202000
FRPH,13-May-2024,30.55,30.73,30.02,30.02,17300
FRPT,13-May-2024,120.03,124.82,119.58,123.01,821100
FRSH,13-May-2024,13.88,14.02,13.72,13.74,2062800
FRST,13-May-2024,10.66,10.66,10.525,10.55,30400
FRSX,13-May-2024,1.23,1.23,1.14,1.21,67200
FSBC,13-May-2024,22.7,22.8,22.18,22.19,30700
FSBW,13-May-2024,32.49,33.66,32.36,33.43,24400
FSEA,13-May-2024,8.7,9.2,8.7,9.1,16900
FSFG,13-May-2024,16.29,16.35,16.12,16.27,4100
FSLR,13-May-2024,192.5,194.285,188.37,189.54,1998200
FSTR,13-May-2024,30.01,30.768,28.14,28.8,76900
FSV,13-May-2024,151.28,151.85,148.195,148.42,35400
FSZ,13-May-2024,63.91,63.91,63.49,63.49,1300
FTA,13-May-2024,75.33,75.66,75.13,75.1626,17000
FTAG,13-May-2024,25.5,25.75,25.5,25.53,8300
FTAI,13-May-2024,79.5,79.56,76.52,76.65,504300
FTAIM,13-May-2024,25.2036,25.25,25,25.0913,44500
FTAIN,13-May-2024,25.39,25.39,24.73,24.95,20000
FTAIO,13-May-2024,25.03,25.13,24.79,25.02,18100
FTC,13-May-2024,121.46,121.46,119.91,119.91,7000
FTCI,13-May-2024,0.4711,0.525,0.4711,0.4985,616100
FTCS,13-May-2024,84.23,84.3601,83.89,83.95,341700
FTDR,13-May-2024,36.39,36.64,36.075,36.26,554000
FTDS,13-May-2024,49.5736,49.5736,49.5559,49.5559,1000
FTEK,13-May-2024,1.26,1.2849,1.24,1.24,42900
FTEL,13-May-2024,12,13.6799,11.5901,11.89,589300
FTFT,13-May-2024,0.82,0.86,0.7601,0.7856,108600
FTGC,13-May-2024,24.11,24.18,24.005,24.04,182300
FTGS,13-May-2024,29.97,29.97,29.66,29.73,196200
FTHI,13-May-2024,22.49,22.49,22.3601,22.39,162000
FTHM,13-May-2024,1.59,1.59,1.41,1.41,172300
FTLF,13-May-2024,30.15,30.47,29.96,30.47,3100
FTNT,13-May-2024,58.56,59.92,58.4,59.63,5491900
FTQI,13-May-2024,20.35,20.37,20.3113,20.34,133700
FTRE,13-May-2024,28.85,29.27,26.6301,28.11,7632500
FTRI,13-May-2024,13.9,14,13.855,13.87,51000
FTSL,13-May-2024,46.25,46.295,46.25,46.27,145200
FTSM,13-May-2024,59.68,59.7099,59.68,59.69,537900
FTXG,13-May-2024,25.11,25.17,25.07,25.0911,6300
FTXH,13-May-2024,27.0265,27.0265,26.91,26.9864,5400
FTXL,13-May-2024,88.86,89.3,88.73,88.88,41600
FTXN,13-May-2024,31.48,31.534,31.25,31.3126,16200
FTXO,13-May-2024,27.29,27.395,27.15,27.15,9300
FTXR,13-May-2024,31.49,31.6416,31.48,31.48,1300
FUFU,13-May-2024,2.88,3.06,2.88,2.96,55700
FUFUW,13-May-2024,0.1894,0.1894,0.1894,0.1894,500
FULC,13-May-2024,8.35,8.5,6.9214,7.35,2034500
FULT,13-May-2024,17.59,17.61,17.34,17.34,1223400
FULTP,13-May-2024,18.7418,18.77,18.7418,18.77,2300
FUNC,13-May-2024,22.579,22.579,22.38,22.38,18600
FUND,13-May-2024,7.96,7.96,7.77,7.91,10300
FUSB,13-May-2024,10.75,11,10.75,11,5300
FUTU,13-May-2024,70.23,74.49,70.23,72.53,2638000
FV,13-May-2024,55.82,55.91,55.58,55.7,94900
FVC,13-May-2024,34.32,34.32,34.0701,34.21,15900
FVCB,13-May-2024,11.59,11.59,11.1,11.1,5500
FWONA,13-May-2024,63.12,63.12,61.27,61.78,38100
FWONK,13-May-2024,70.16,70.17,68.43,68.95,1302600
FWRD,13-May-2024,15.62,17.32,15.19,16.16,1638100
FWRG,13-May-2024,21.01,21.105,19.61,19.68,800700
FXNC,13-May-2024,15.78,15.785,15.35,15.37,3500
FYBR,13-May-2024,26.2,26.5,25.95,26.07,1096300
FYC,13-May-2024,66.79,66.79,66.235,66.33,5400
FYT,13-May-2024,53.83,54.086,53.56,53.5775,4100
FYX,13-May-2024,92.82,93.57,92.65,92.84,8600
GABC,13-May-2024,32.49,32.77,32.26,32.26,65000
GAIA,13-May-2024,4.12,4.5,4.115,4.23,104900
GAIN,13-May-2024,14.35,14.44,14.24,14.27,98800
GAINL,13-May-2024,25.58,25.64,25.5,25.56,4100
GAINN,13-May-2024,24,24.0001,24,24.0001,1600
GAINZ,13-May-2024,22.72,22.86,22.68,22.82,2600
GALT,13-May-2024,3.05,3.08,2.75,3.08,278100
GAMB,13-May-2024,9.12,9.19,8.785,8.83,269500
GAME,13-May-2024,1.51,1.51,1.39,1.4,112500
GAN,13-May-2024,1.36,1.4,1.35,1.39,181600
GANX,13-May-2024,2.59,2.59,2.3601,2.42,54600
GASS,13-May-2024,6.6,6.7,6.5,6.6,82500
GATE,13-May-2024,10.45,10.45,10.44,10.45,1400
GBBK,13-May-2024,10.83,10.87,10.8239,10.8239,2600
GBBKW,13-May-2024,0.0154,0.0154,0.0154,0.0154,1000
GBDC,13-May-2024,16.8,16.85,16.61,16.65,617900
GBIO,13-May-2024,3.07,3.11,2.83,2.84,260600
GCBC,13-May-2024,29.56,31.08,29,30.37,48700
GCMG,13-May-2024,9.6,9.67,9.4,9.53,215400
GCMGW,13-May-2024,0.4102,0.435,0.4,0.4259,20600
GCT,13-May-2024,37.1,37.29,35.2,36.25,2029600
GCTK,13-May-2024,0.6074,0.6074,0.52,0.5409,77800
GDC,13-May-2024,0.7,0.7499,0.7,0.7404,32200
GDEN,13-May-2024,32.12,32.37,31.41,31.55,438600
GDEV,13-May-2024,2.21,2.27,2.21,2.27,4300
GDHG,13-May-2024,0.27,0.27,0.253,0.2678,1133700
GDRX,13-May-2024,6.62,6.86,6.565,6.7,1114700
GDS,13-May-2024,8.39,8.95,8.39,8.44,872700
GDTC,13-May-2024,2.1056,2.13,1.9501,2.12,12100
GDYN,13-May-2024,10.37,10.37,10.05,10.15,221000
GECC,13-May-2024,10.27,10.4277,10.2595,10.3879,10800
GECCI,13-May-2024,24.99,25,24.93,24.95,10500
GECCO,13-May-2024,24.23,24.38,24.22,24.35,1200
GECCZ,13-May-2024,25.37,25.37,25.36,25.36,1100
GEG,13-May-2024,1.88,1.89,1.8,1.8,552200
GEHC,13-May-2024,83.89,84,80.58,81.03,1885200
GEN,13-May-2024,23.46,24.145,23.45,24,9124300
GENK,13-May-2024,11.17,11.5199,10.95,11.16,85000
GEOS,13-May-2024,10.44,10.45,9.88,10.04,229800
GERN,13-May-2024,3.85,3.88,3.72,3.74,5609600
GEVO,13-May-2024,0.72,0.76,0.7104,0.7237,2024000
GFAI,13-May-2024,3.03,3.19,3.03,3.1,81300
GFGF,13-May-2024,27.3854,27.3854,27.3854,27.3854,100
GFS,13-May-2024,51.47,52.71,51.25,52.63,789000
GGAL,13-May-2024,36.24,36.24,34.22,34.65,753900
GGLL,13-May-2024,39.25,41.62,39.11,41.62,355600
GGLS,13-May-2024,14.41,14.445,14.055,14.06,23900
GGR,13-May-2024,1.6,1.69,1.5952,1.65,107100
GGROW,13-May-2024,0.0759,0.0759,0.0759,0.0759,100
GH,13-May-2024,22.7,24.19,22.3681,24,4186200
GHRS,13-May-2024,12.91,13.35,12.6901,12.88,67400
GIFI,13-May-2024,6.72,6.88,6.57,6.68,117900
GIGM,13-May-2024,1.33,1.3545,1.33,1.3545,600
GIII,13-May-2024,28.28,28.51,28.01,28.14,319700
GILD,13-May-2024,66.15,67.59,66.13,67.54,6736400
GILT,13-May-2024,5.56,5.62,5.5,5.55,94000
GINX,13-May-2024,26.05,26.07,26.0115,26.0383,8000
GIPR,13-May-2024,4.13,4.33,4.1245,4.31,42700
GLAC,13-May-2024,10.24,10.26,10.24,10.255,2100
GLAD,13-May-2024,22.25,22.34,22.2174,22.31,85100
GLADZ,13-May-2024,25.4564,25.4564,25.445,25.45,1300
GLBE,13-May-2024,29.85,31.135,29.43,29.75,1630400
GLBS,13-May-2024,2.04,2.08,2.0149,2.045,43100
GLBZ,13-May-2024,5.3,5.363,5.16,5.17,12400
GLDD,13-May-2024,9.2,9.41,9.135,9.35,483200
GLDI,13-May-2024,151.4,151.4,149.66,150.07,2600
GLMD,13-May-2024,0.38,0.39,0.3702,0.3883,30900
GLNG,13-May-2024,26.05,26.43,25.9,26.29,1004400
GLPG,13-May-2024,28.64,28.83,28.43,28.47,72300
GLPI,13-May-2024,44.39,44.53,44.14,44.52,661300
GLRE,13-May-2024,13.07,13.13,12.935,13,39400
GLSI,13-May-2024,13.71,14.17,12.9792,13.06,16500
GLST,13-May-2024,10.93,10.93,10.9099,10.93,5400
GLSTR,13-May-2024,0.11,0.1562,0.11,0.1275,22500
GLSTW,13-May-2024,0.0176,0.0254,0.0176,0.0254,82900
GLTO,13-May-2024,0.6795,0.7,0.67,0.6801,148900
GLUE,13-May-2024,4.92,5.16,4.91,4.95,260200
GLYC,13-May-2024,0.2755,0.2758,0.262,0.2624,1484800
GMAB,13-May-2024,28.75,29.52,28.69,29.16,688600
GMGI,13-May-2024,5.2,5.48,5.14,5.3,434400
GMM,13-May-2024,0.9988,0.9988,0.9477,0.9719,280900
GNFT,13-May-2024,3.77,3.77,3.691,3.691,1200
GNLN,13-May-2024,0.54,0.58,0.5,0.529,379100
GNLX,13-May-2024,3.89,3.895,3.55,3.61,73200
GNMA,13-May-2024,42.81,42.93,42.8,42.8287,11600
GNOM,13-May-2024,10.49,10.72,10.49,10.605,69500
GNPX,13-May-2024,2.38,2.59,2.23,2.39,36500
GNSS,13-May-2024,2.22,2.2481,2.15,2.15,32400
GNTA,13-May-2024,3.2,3.5059,3.17,3.5059,1000
GNTX,13-May-2024,35.23,35.325,34.655,34.71,1102200
GO,13-May-2024,20.92,21.23,19.73,19.77,2821400
GOCO,13-May-2024,8.74,9.35,8.5718,8.59,61500
GOEV,13-May-2024,2.63,2.88,2.63,2.72,4894300
GOEVW,13-May-2024,0.0659,0.0738,0.0659,0.0716,38500
GOGL,13-May-2024,15.05,15.105,14.83,14.9,1476100
GOGO,13-May-2024,10.22,10.26,10.09,10.14,487900
GOOD,13-May-2024,14.84,14.91,14.5,14.56,225400
GOODN,13-May-2024,22.25,22.75,22.25,22.38,9500
GOODO,13-May-2024,19.99,20.1,19.99,20.1,16300
GOOG,13-May-2024,165.85,170.95,165.76,170.9,19648500
GOOGL,13-May-2024,164.26,169.28,164,169.14,31327600
GORV,13-May-2024,3.8,3.88,3.64,3.71,21900
GOSS,13-May-2024,0.74,0.7488,0.713,0.72,1362900
GOVI,13-May-2024,27.36,27.36,27.305,27.32,35000
GOVX,13-May-2024,1.58,1.65,1.56,1.65,32600
GP,13-May-2024,1.37,1.37,1.27,1.29,64300
GPATU,13-May-2024,10.07,10.08,10.07,10.075,71000
GPCR,13-May-2024,36.35,38.15,35.67,35.99,445100
GPIQ,13-May-2024,45.75,45.75,45.62,45.68,15200
GPIX,13-May-2024,46.24,46.24,46.03,46.09,51200
GPRE,13-May-2024,19.98,20.39,19.66,19.78,1044300
GPRO,13-May-2024,1.66,1.749,1.62,1.66,2912500
GRAB,13-May-2024,3.51,3.56,3.5,3.54,21848900
GRABW,13-May-2024,0.2,0.21,0.1825,0.193,60100
GREE,13-May-2024,2.53,2.57,2.35,2.39,171700
GREEL,13-May-2024,9.2654,9.49,9.2654,9.4826,900
GRFS,13-May-2024,7,7.33,7,7.29,2963100
GRI,13-May-2024,0.395,0.42,0.395,0.408,81700
GRID,13-May-2024,118.95,118.989,118.29,118.42,82400
GRNQ,13-May-2024,1.22,1.3199,1.19,1.2,11600
GROW,13-May-2024,2.66,2.67,2.5899,2.59,56100
GRPN,13-May-2024,13.18,15.41,12.725,15.11,3465700
GRRR,13-May-2024,5.59,5.72,5.4301,5.48,231500
GRRRW,13-May-2024,0.0733,0.0785,0.067,0.0784,4500
GRVY,13-May-2024,74.62,74.8,72.225,72.57,35700
GRWG,13-May-2024,2.88,3.04,2.8619,2.89,1544400
GRYP,13-May-2024,1.78,1.8,1.59,1.64,962900
GSBC,13-May-2024,54.07,54.07,52.835,52.88,21200
GSHD,13-May-2024,60.81,61.99,60.24,60.34,277200
GSIB,13-May-2024,29.75,29.75,29.6009,29.6009,3000
GSIT,13-May-2024,3,3.12,2.93,2.95,168500
GSIW,13-May-2024,7,7.05,6.93,6.93,5200
GSM,13-May-2024,5.48,5.505,5.375,5.45,1413200
GSMGW,13-May-2024,0.0045,0.0045,0.0033,0.0044,20200
GSUN,13-May-2024,4.15,4.4999,3.86,4.14,134900
GT,13-May-2024,13.04,13.255,12.9,12.99,2713700
GTBP,13-May-2024,3.2,3.35,3.105,3.25,3200
GTEC,13-May-2024,1.49,1.52,1.4301,1.47,36600
GTI,13-May-2024,7.35,7.5,6.95,7.13,32300
GTIM,13-May-2024,2.81,2.914,2.75,2.76,19300
GTLB,13-May-2024,52.95,54.21,52.95,53.27,1405300
GTR,13-May-2024,23.63,23.63,23.63,23.63,500
GTX,13-May-2024,9.3,9.45,9.26,9.34,992400
GURE,13-May-2024,1.51,1.54,1.46,1.5,16500
GUTS,13-May-2024,6.31,6.3162,6.02,6.1,180500
GV,13-May-2024,0.39,0.468,0.365,0.465,1535400
GVH,13-May-2024,1.48,1.63,1.12,1.41,102500
GWAV,13-May-2024,0.0425,0.0448,0.04,0.0417,43987200
GWRS,13-May-2024,12.36,13.32,12.36,13.03,61000
GXAI,13-May-2024,3.55,3.77,3.25,3.76,51900
GXTG,13-May-2024,23.78,24.031,23.77,23.8,6300
GYRE,13-May-2024,14.78,15.88,14.52,15.75,51500
GYRO,13-May-2024,7.97,7.97,7.95,7.95,7600
HAFC,13-May-2024,16.29,16.39,16.18,16.18,97900
HAIN,13-May-2024,7.34,7.71,7.3,7.6,1574000
HALO,13-May-2024,43.49,44.01,43.36,43.61,908600
HAO,13-May-2024,7.84,8.49,7.11,7.63,326800
HAS,13-May-2024,60.55,61.11,60.1,60.97,826900
HBAN,13-May-2024,14.06,14.165,13.96,13.96,7901100
HBANL,13-May-2024,24.88,25.01,24.7885,24.86,27200
HBANM,13-May-2024,22.47,22.58,22.3,22.49,7900
HBANP,13-May-2024,17.75,17.9999,17.75,17.9701,16600
HBCP,13-May-2024,37.31,37.45,37.06,37.11,5000
HBIO,13-May-2024,3.55,3.56,3.3301,3.39,80800
HBNC,13-May-2024,12.7,12.8,12.54,12.55,92300
HBT,13-May-2024,19.76,19.76,19,19.35,35600
HCAT,13-May-2024,6.54,6.91,6.475,6.79,741900
HCKT,13-May-2024,22.08,22.08,21.66,21.73,100900
HCM,13-May-2024,21.82,21.87,21.42,21.78,121200
HCOW,13-May-2024,26.44,26.44,26.2757,26.2757,1200
HCP,13-May-2024,32.83,32.92,32.81,32.91,4761700
HCSG,13-May-2024,11.17,11.315,11.1,11.26,663800
HCTI,13-May-2024,0.97,0.97,0.8485,0.877,167400
HCWB,13-May-2024,1.19,1.2041,1.12,1.12,25500
HDSN,13-May-2024,9.1,9.4,9.1,9.28,342600
HEAR,13-May-2024,15.89,16.2853,15.69,15.85,388100
HEES,13-May-2024,50.34,50.39,49.14,49.27,228200
HELE,13-May-2024,102.41,108,102.41,106.51,454900
HEPA,13-May-2024,1.26,1.26,1.18,1.21,35400
HEPS,13-May-2024,1.58,1.62,1.555,1.61,223300
HERD,13-May-2024,38.67,38.82,38.62,38.6606,20400
HERO,13-May-2024,20.83,21.03,20.79,20.83,22400
HFBL,13-May-2024,11.628,12.084,11.13,11.4,27600
HFFG,13-May-2024,3.12,3.16,3.01,3.02,32000
HFWA,13-May-2024,18.89,18.89,18.55,18.55,245300
HGBL,13-May-2024,2.3,2.4,2.22,2.22,247000
HHS,13-May-2024,7.2,7.2,6.99,7.07,43100
HIDE,13-May-2024,22.81,22.81,22.8,22.8,1200
HIFS,13-May-2024,181.59,183.49,180.55,181.8,7800
HIHO,13-May-2024,2.15,2.15,2.08,2.08,1700
HIMX,13-May-2024,5.9,6.1,5.84,6.07,1047200
HISF,13-May-2024,43.6,43.6284,43.5891,43.5891,900
HITI,13-May-2024,2.22,2.3,2.21,2.24,327800
HIVE,13-May-2024,2.38,2.45,2.3,2.33,1772100
HKIT,13-May-2024,1.32,1.36,1.26,1.35,57100
HLAL,13-May-2024,48.35,48.35,48.17,48.29,59400
HLIT,13-May-2024,11.42,11.54,11.28,11.36,968600
HLMN,13-May-2024,9.69,9.87,9.47,9.51,752300
HLNE,13-May-2024,116.03,116.03,114.74,114.74,139800
HLP,13-May-2024,1.82,1.94,1.79,1.84,122500
HLVX,13-May-2024,14.17,14.34,13.51,13.64,35700
HMST,13-May-2024,10.41,10.49,10.22,10.24,51800
HNDL,13-May-2024,20.76,20.76,20.63,20.63,44200
HNNA,13-May-2024,7.18,7.405,7.0568,7.4001,14200
HNRG,13-May-2024,6.28,6.6,6.13,6.4,469300
HNST,13-May-2024,3.17,3.3288,3.15,3.17,1013300
HNVR,13-May-2024,16.5,16.7,16.5,16.5,4500
HOFT,13-May-2024,18.34,18.76,18.29,18.6,17000
HOFV,13-May-2024,3.13,3.18,3,3.14,11200
HOFVW,13-May-2024,0.012,0.012,0.0086,0.0086,5400
HOLO,13-May-2024,1.61,2.17,1.61,2,16435400
HOLOW,13-May-2024,0.08,0.0801,0.075,0.0796,42800
HOLX,13-May-2024,75.2,76.24,74.6401,75.57,1039400
HON,13-May-2024,204.44,206.72,203.74,203.8,3505300
HONE,13-May-2024,10.91,10.95,10.71,10.72,112500
HOOD,13-May-2024,16.62,17.61,16.57,16.89,24385600
HOOK,13-May-2024,0.76,0.7899,0.7382,0.7663,346600
HOPE,13-May-2024,11.03,11.04,10.805,10.82,874400
HOTH,13-May-2024,1.19,1.2204,1.1801,1.22,9700
HOUR,13-May-2024,1.16,1.2,1.04,1.1,18400
HOVNP,13-May-2024,17.91,17.9916,17.85,17.98,6000
HOVR,13-May-2024,2.2,2.2,2.01,2.03,16300
HOVRW,13-May-2024,0.044,0.044,0.0404,0.0438,1800
HOWL,13-May-2024,5.02,5.1662,4.4,4.46,356000
HPH,13-May-2024,9.198,9.25,8.832,8.94,10300
HPK,13-May-2024,14.53,14.53,13.9467,13.98,273800
HPKEW,13-May-2024,5.5,5.5,5.4999,5.4999,1800
HQGO,13-May-2024,46.1054,46.1054,46.1054,46.1054,0
HQI,13-May-2024,11.65,12.2699,11.602,11.86,20500
HQY,13-May-2024,77.46,78.295,77.22,77.36,361800
HRMY,13-May-2024,30.43,30.94,30.12,30.22,270800
HROW,13-May-2024,11.59,12.2,11.39,12.07,832100
HROWL,13-May-2024,24.73,24.8,24.7199,24.7199,3800
HROWM,13-May-2024,26.2,26.2,26.2,26.2,600
HRTS,13-May-2024,32.22,32.47,31.91,32.01,12300
HRTX,13-May-2024,2.8,2.92,2.75,2.815,1245000
HRZN,13-May-2024,11.84,11.92,11.815,11.88,249000
HSAI,13-May-2024,5.02,5.5614,5.02,5.39,809400
HSCS,13-May-2024,0.075,0.075,0.0681,0.0706,5360700
HSDT,13-May-2024,1.59,1.7564,1.52,1.6873,284500
HSIC,13-May-2024,73.32,73.98,72.9,73.13,679900
HSII,13-May-2024,33.65,33.93,32.401,33.71,165900
HSON,13-May-2024,16.19,16.5,16,16.5,15900
HSPO,13-May-2024,10.95,10.95,10.93,10.93,1200
HST,13-May-2024,18.52,18.64,18.35,18.45,6099900
HSTM,13-May-2024,26.97,27.2,26.83,26.92,82500
HTBI,13-May-2024,27.86,28.57,27.79,28.41,29100
HTBK,13-May-2024,8.44,8.505,8.35,8.36,276300
HTCR,13-May-2024,0.9,0.9998,0.9,0.9499,61700
HTHT,13-May-2024,40.23,41,39.67,40.7,969600
HTIA,13-May-2024,14.61,14.9482,14.35,14.4,12700
HTIBP,13-May-2024,14.1,14.15,13.85,13.87,4500
HTLD,13-May-2024,11.6,11.678,11.44,11.6,479300
HTLF,13-May-2024,44.2,44.39,43.98,44.25,670400
HTLFP,13-May-2024,25.25,25.25,25.2,25.2,1400
HTOO,13-May-2024,1.22,1.26,1.15,1.21,126100
HTOOW,13-May-2024,0.085,0.1097,0.07,0.07,42400
HTZ,13-May-2024,4.94,5.635,4.91,5.47,13749500
HTZWW,13-May-2024,2.96,3.34,2.96,3.23,249300
HUBC,13-May-2024,0.9151,0.9151,0.8709,0.88,424800
HUBCW,13-May-2024,0.018,0.02,0.0173,0.02,4100
HUBCZ,13-May-2024,0.0997,0.0997,0.0854,0.0854,2300
HUBG,13-May-2024,44.19,44.345,43.5,43.67,319900
HUDI,13-May-2024,2.655,2.6899,2.6,2.61,19700
HUIZ,13-May-2024,0.72,0.77,0.68,0.74,160100
HUMA,13-May-2024,4.74,5.67,4.738,5.48,3869300
HUMAW,13-May-2024,0.768,0.89,0.768,0.8501,67200
HURC,13-May-2024,18.15,18.22,17.59,17.59,19800
HURN,13-May-2024,87.59,89.05,87.055,87.33,163500
HUT,13-May-2024,8.16,8.328,7.85,7.87,1941600
HWBK,13-May-2024,19.77,19.77,19.525,19.71,1400
HWC,13-May-2024,48.2,48.25,47.35,47.42,396700
HWCPZ,13-May-2024,23.5,23.6179,23.4,23.57,10600
HWH,13-May-2024,1.28,1.2985,1.1613,1.2,101800
HWKN,13-May-2024,78.6,78.6,77.35,77.74,73200
HYDR,13-May-2024,5.48,5.71,5.475,5.61,50200
HYFM,13-May-2024,0.92,0.9736,0.9102,0.9236,287200
HYLS,13-May-2024,40.6,40.6675,40.52,40.59,119800
HYMC,13-May-2024,3.19,3.51,3.19,3.43,503300
HYMCL,13-May-2024,0.025,0.025,0.0151,0.0227,82200
HYMCW,13-May-2024,0.0195,0.0199,0.018,0.0194,43200
HYPR,13-May-2024,0.85,0.87,0.78,0.7989,189400
HYXF,13-May-2024,45.17,45.19,45.0413,45.1,3300
HYZD,13-May-2024,22.07,22.07,22,22.0204,24600
HYZN,13-May-2024,0.503,0.55,0.503,0.5402,950900
HYZNW,13-May-2024,0.0348,0.0348,0.0225,0.0268,152800
IAC,13-May-2024,55.57,56.47,55.37,56.31,615000
IART,13-May-2024,26.05,26.915,26.04,26.21,785700
IAS,13-May-2024,9.55,9.845,9.265,9.71,1977400
IBAC,13-May-2024,10.01,10.01,10,10,332100
IBACR,13-May-2024,0.085,0.0999,0.0805,0.0805,71400
IBAT,13-May-2024,24.5,24.5303,24.5,24.5303,100
IBB,13-May-2024,133.73,135.13,133.73,134.41,1311300
IBBQ,13-May-2024,21.87,22.04,21.87,21.97,17300
IBCP,13-May-2024,26,26.03,25.67,25.84,102900
IBEX,13-May-2024,14.48,14.6763,14.2,14.2,31500
IBIT,13-May-2024,35.78,36.19,35.65,36,17204900
IBKR,13-May-2024,120.12,120.97,119.71,120.25,522000
IBOC,13-May-2024,60.31,60.31,59.65,59.66,117100
IBOT,13-May-2024,43.45,43.45,43.18,43.18,4000
IBRX,13-May-2024,8.1,8.87,8.01,8.63,6184200
IBTF,13-May-2024,23.16,23.16,23.15,23.16,413000
IBTG,13-May-2024,22.55,22.57,22.55,22.555,147700
IBTH,13-May-2024,21.97,21.97,21.94,21.945,82900
IBTI,13-May-2024,21.69,21.69,21.67,21.675,70200
IBTJ,13-May-2024,21.2,21.2,21.17,21.17,49100
IBTK,13-May-2024,19.09,19.1,19.07,19.07,54700
IBTL,13-May-2024,19.7803,19.7885,19.75,19.7602,29300
IBTM,13-May-2024,22.21,22.2121,22.185,22.185,19500
IBTO,13-May-2024,23.75,23.765,23.725,23.7253,29400
IBTX,13-May-2024,42.97,43.46,41.46,41.48,209900
ICAD,13-May-2024,1.51,1.59,1.502,1.56,96700
ICCC,13-May-2024,5.46,5.5,5.27,5.27,23500
ICCM,13-May-2024,1.14,1.16,1.11,1.16,54400
ICCT,13-May-2024,1.33,1.386,1.08,1.09,100000
ICFI,13-May-2024,153.4,153.4,147.645,147.82,70100
ICG,13-May-2024,7.9,8.26,7.9,8.1,1200
ICHR,13-May-2024,38.32,38.7,37.43,37.58,216900
ICLK,13-May-2024,1.24,1.24,1.22,1.22,17300
ICLN,13-May-2024,13.81,13.975,13.805,13.88,1261200
ICLR,13-May-2024,315.74,316.005,309.305,309.51,414000
ICMB,13-May-2024,3.29,3.29,3.24,3.25,22900
ICOP,13-May-2024,32.5,32.54,32.25,32.38,17200
ICU,13-May-2024,0.3884,0.4,0.381,0.3906,1234500
ICUCW,13-May-2024,0.085,0.0978,0.0757,0.0757,11500
ICUI,13-May-2024,108.39,109.23,107.21,108.37,224000
IDAI,13-May-2024,0.825,0.825,0.66,0.7635,170600
IDCC,13-May-2024,105.28,106.7,105.28,106.39,484300
IDN,13-May-2024,3.04,3.15,2.92,2.95,48900
IDXX,13-May-2024,513.49,514.62,501.23,503.02,374400
IDYA,13-May-2024,41.45,41.61,40.89,41.07,452200
IEF,13-May-2024,92.74,92.765,92.595,92.61,3228700
IEI,13-May-2024,114.54,114.55,114.41,114.42,744400
IEP,13-May-2024,18.1,18.69,18,18.37,688400
IESC,13-May-2024,183.1,184.38,162.61,162.95,328500
IEUS,13-May-2024,58.18,58.18,57.981,58.02,1000
IFBD,13-May-2024,3.95,4.19,3.8,3.93,96800
IFGL,13-May-2024,21.15,21.1515,21.08,21.15,4500
IFRX,13-May-2024,1.19,1.3484,1.19,1.25,145200
IFV,13-May-2024,19.84,19.91,19.72,19.73,4800
IGF,13-May-2024,50.24,50.3216,50.01,50.04,1015800
IGIB,13-May-2024,50.86,50.88,50.74,50.75,2325600
IGIC,13-May-2024,14.43,14.66,14.39,14.48,67400
IGMS,13-May-2024,9.54,10.13,9.08,9.27,321000
IGOV,13-May-2024,39.12,39.17,38.96,38.97,52300
IGSB,13-May-2024,51.02,51.0394,50.96,50.96,6251200
IHRT,13-May-2024,1.36,1.36,1.1739,1.24,2270600
IHYF,13-May-2024,22.23,22.23,22.19,22.19,3100
III,13-May-2024,2.99,3.01,2.93,2.95,157000
IIIV,13-May-2024,20.31,20.31,19.54,19.98,359600
IINN,13-May-2024,2.05,2.11,2.03,2.1,41400
IINNW,13-May-2024,0.65,0.65,0.65,0.65,1700
IJT,13-May-2024,130.71,130.945,129.81,129.93,47900
IKNA,13-May-2024,1.32,1.39,1.29,1.32,269300
IKT,13-May-2024,1.31,1.4,1.3014,1.36,9900
ILAG,13-May-2024,0.45,0.4899,0.4223,0.4899,151200
ILIT,13-May-2024,13.69,13.83,13.68,13.68,3900
ILMN,13-May-2024,110.96,114.25,110.96,112.77,1685700
ILPT,13-May-2024,3.98,4.135,3.98,4.07,283100
IMAB,13-May-2024,1.79,1.8713,1.785,1.81,157000
IMCC,13-May-2024,0.714,0.8,0.6501,0.7091,482800
IMCR,13-May-2024,58.73,59.82,56.21,56.99,745700
IMCV,13-May-2024,72.0908,72.3199,71.77,71.78,32400
IMKTA,13-May-2024,73.05,74.3852,72.71,73.75,96000
IMMP,13-May-2024,2.88,3.06,2.87,2.93,210600
IMMR,13-May-2024,8.38,8.54,8.29,8.4,915700
IMMX,13-May-2024,2.15,2.22,2.13,2.16,79400
IMNM,13-May-2024,15.6,16.79,15.55,15.61,833100
IMNN,13-May-2024,1.42,1.5,1.29,1.48,27600
IMOM,13-May-2024,28.22,28.22,27.887,27.93,5700
IMOS,13-May-2024,25.74,26.3485,25.15,25.96,28000
IMPP,13-May-2024,3.71,3.89,3.61,3.66,450900
IMPPP,13-May-2024,24.35,24.38,24.3,24.38,1700
IMRN,13-May-2024,2.42,2.42,2.32,2.3867,6600
IMRX,13-May-2024,1.45,1.6,1.45,1.59,174300
IMTE,13-May-2024,2.15,2.2,2.08,2.08,18400
IMTX,13-May-2024,10.84,11.119,10.75,11,703800
IMTXW,13-May-2024,2.5,2.5,2.49,2.5,17300
IMUX,13-May-2024,1.27,1.29,1.24,1.255,120600
IMVT,13-May-2024,29.56,30.01,28.98,29.88,594100
IMXI,13-May-2024,20.62,20.895,20.22,20.39,240500
INAB,13-May-2024,1.03,1.03,0.9924,1.02,44900
INBK,13-May-2024,31.97,32.285,31.19,31.36,56300
INBKZ,13-May-2024,24.07,24.26,24,24.26,2100
INBS,13-May-2024,2.48,2.48,2.3,2.41,62700
INBX,13-May-2024,34.31,34.43,33.95,34.05,1260000
INCR,13-May-2024,3.22,3.2473,3.09,3.09,22700
INCY,13-May-2024,57,58.93,56.62,57.6,7237300
INDB,13-May-2024,52.24,52.54,51.8,51.96,165100
INDH,13-May-2024,40.03,40.05,39.9486,39.9486,13300
INDI,13-May-2024,5.81,5.845,5.48,5.66,3841400
INDP,13-May-2024,2.23,2.23,2.12,2.12,2400
INDV,13-May-2024,17.66,18.085,17.66,17.87,109900
INDY,13-May-2024,49.8,49.9892,49.7601,49.84,41000
INFN,13-May-2024,5.08,5.14,4.93,5.01,2952000
INFR,13-May-2024,24.5,24.5,24.5,24.5,100
INGN,13-May-2024,8.59,9.08,8.48,8.815,486100
INHD,13-May-2024,0.616,0.616,0.571,0.5776,75500
INKT,13-May-2024,1.04,1.08,0.95,0.9798,4583300
INM,13-May-2024,0.2653,0.29,0.2505,0.2799,195000
INMB,13-May-2024,10.02,10.09,9.67,9.92,154500
INMD,13-May-2024,18.25,18.7,18.25,18.49,937900
INNV,13-May-2024,4.07,4.31,3.83,3.85,110200
INO,13-May-2024,10.68,11.7281,10.5,11.36,342300
INOD,13-May-2024,10.78,11.7,10.66,11.06,864100
INRO,13-May-2024,24.705,24.705,24.705,24.705,100
INSE,13-May-2024,8.71,8.9,8.5601,8.83,173700
INSG,13-May-2024,5.17,5.2899,4.87,5.05,215200
INSM,13-May-2024,26.21,26.355,25.26,25.83,1632900
INTA,13-May-2024,37.94,38.13,36.13,36.63,1629800
INTC,13-May-2024,30.03,31.13,30,30.51,51459100
INTG,13-May-2024,20.675,22.8,20.675,22.75,7800
INTJ,13-May-2024,0.975,1,0.9601,0.9799,218000
INTR,13-May-2024,5.76,5.81,5.62,5.65,568000
INTS,13-May-2024,4.12,4.19,4,4,18600
INTU,13-May-2024,638.17,638.17,625.87,627.19,916200
INTZ,13-May-2024,1.67,1.9599,1.5474,1.83,569800
INVA,13-May-2024,15.71,16.35,15.62,16.19,802900
INVE,13-May-2024,4.1,4.57,4.1,4.28,522700
INVZ,13-May-2024,1.22,1.28,1.15,1.2,1879400
INVZW,13-May-2024,0.2076,0.2076,0.1975,0.1976,6700
INZY,13-May-2024,4.56,4.71,4.46,4.51,471800
IOBT,13-May-2024,1.45,1.48,1.39,1.41,81900
IONR,13-May-2024,5.96,5.96,5.5501,5.673,7200
IONS,13-May-2024,39.23,39.34,38.5668,38.8,1045200
IOSP,13-May-2024,131.09,131.09,126.73,128.95,91700
IOVA,13-May-2024,11.21,11.47,10.42,10.88,9969700
IPA,13-May-2024,1.26,1.3,1.24,1.26,78000
IPAR,13-May-2024,122.43,123.74,119.56,119.99,143900
IPDN,13-May-2024,1.04,1.095,0.9126,1.02,94900
IPGP,13-May-2024,89.01,90.95,88.6322,89.29,201300
IPHA,13-May-2024,2.5683,2.65,2.55,2.6099,1500
IPKW,13-May-2024,40.78,40.83,40.67,40.6984,26300
IPSC,13-May-2024,3.17,3.2,2.95,3,71300
IPW,13-May-2024,0.65,0.7347,0.6467,0.7,34800
IPWR,13-May-2024,7.5,7.56,7.1301,7.21,18700
IPXX,13-May-2024,10.53,10.53,10.5132,10.5132,23800
IQ,13-May-2024,5,5.24,4.99,5.14,11101000
IQQQ,13-May-2024,40.085,40.18,40.08,40.1774,6200
IRBT,13-May-2024,11.55,13.87,11.5499,13.4,4674000
IRDM,13-May-2024,29.93,30.7,29.93,30.29,796300
IREN,13-May-2024,4.93,5.07,4.8,4.85,6830800
IRIX,13-May-2024,2.82,3.25,2.82,3.11,122300
IRMD,13-May-2024,43.99,44.06,42.36,42.45,45800
IRON,13-May-2024,30.81,32.335,30.79,31.01,241300
IROQ,13-May-2024,16.25,16.6,16.25,16.58,3900
IRTC,13-May-2024,100.26,101.5409,97.77,98.87,260600
IRWD,13-May-2024,7.01,7.04,6.68,6.69,2975800
ISHG,13-May-2024,69.7189,69.7189,69.61,69.66,600
ISHP,13-May-2024,30.98,30.98,30.98,30.98,100
ISPC,13-May-2024,0.259,0.259,0.22,0.2251,260600
ISPO,13-May-2024,3.9399,3.9399,3.9399,3.9399,300
ISPOW,13-May-2024,0.0081,0.0081,0.006,0.0061,14900
ISPR,13-May-2024,6,6.09,5.8,5.98,42000
ISRG,13-May-2024,389.16,389.16,380.65,380.88,1070900
ISRL,13-May-2024,10.9299,10.9299,10.9299,10.9299,600
ISRLW,13-May-2024,0.0675,0.0699,0.0654,0.0654,14100
ISSC,13-May-2024,6.25,6.425,5.4,5.52,79500
ISTB,13-May-2024,47.15,47.16,47.11,47.13,237400
ISTR,13-May-2024,16.48,16.58,16.225,16.25,20800
ITCI,13-May-2024,65.16,67.22,65.16,66.32,706800
ITIC,13-May-2024,160.5,160.5,159.5,159.95,4200
ITOS,13-May-2024,17.38,17.64,16.5,17.02,1552300
ITRI,13-May-2024,108.18,108.18,106.21,106.39,340200
ITRM,13-May-2024,1.66,1.66,1.45,1.52,195400
ITRN,13-May-2024,27.75,27.82,27.47,27.55,32600
IUS,13-May-2024,46.89,46.9493,46.7346,46.76,303300
IUSB,13-May-2024,44.93,44.94,44.87,44.88,1621000
IUSG,13-May-2024,117.95,117.95,117.11,117.47,312900
IUSV,13-May-2024,89.53,89.77,89.13,89.2,376500
IVA,13-May-2024,3.5,3.6,3.35,3.56,8000
IVAC,13-May-2024,4.16,4.23,3.92,3.95,125400
IVAL,13-May-2024,26.22,26.3391,26.21,26.28,9500
IVCA,13-May-2024,11.27,11.27,11.27,11.27,50000
IVDA,13-May-2024,0.7985,0.82,0.7725,0.7899,42800
IVEG,13-May-2024,20.075,20.075,20.04,20.075,300
IVP,13-May-2024,3.48,3.48,3.12,3.23,355300
IVVD,13-May-2024,2.27,2.39,2.22,2.37,373200
IWTR,13-May-2024,31.99,31.99,31.66,31.7025,1300
IXHL,13-May-2024,2.5,2.6942,2.4058,2.62,29700
IXUS,13-May-2024,68.85,68.9997,68.73,68.82,950700
IZEA,13-May-2024,3.12,3.25,3.04,3.19,50300
IZM,13-May-2024,2.22,2.5,2.13,2.3,414800
JACK,13-May-2024,53.42,54.2,52.84,53.07,951500
JAGX,13-May-2024,0.2855,0.2939,0.2651,0.2903,24976400
JAKK,13-May-2024,18.35,18.605,18.03,18.07,69600
JAMF,13-May-2024,19.76,20.485,19.7,20.41,653800
JANX,13-May-2024,50,50.075,47.915,49.99,864200
JAZZ,13-May-2024,110.46,113.51,110.38,113.17,655700
JBHT,13-May-2024,170.97,172.3,169.26,169.37,657500
JBLU,13-May-2024,5.76,6.19,5.76,6.03,15306000
JBSS,13-May-2024,103,103.62,102.42,102.91,34700
JD,13-May-2024,33.41,34.6,33.3701,33.78,15268100
JDOC,13-May-2024,57.2891,57.2891,57.2891,57.2891,400
JEPQ,13-May-2024,53.63,53.63,53.41,53.52,1780200
JFBR,13-May-2024,0.2598,0.264,0.232,0.246,566800
JFIN,13-May-2024,6.76,6.96,6.76,6.91,16500
JFU,13-May-2024,3.16,3.1827,3,3,2400
JG,13-May-2024,2.9,2.97,2.9,2.96,1700
JGLO,13-May-2024,59.37,59.5175,57.905,57.99,168100
JIVE,13-May-2024,56.3805,56.3805,56.3805,56.3805,0
JJSF,13-May-2024,163.39,164.84,162,163.19,87000
JKHY,13-May-2024,170,170.2,167.02,167.72,471500
JL,13-May-2024,0.76,0.7899,0.7115,0.7394,270500
JMSB,13-May-2024,17.03,17.1,15.83,16.5,47300
JNVR,13-May-2024,1.1,1.17,1.0801,1.14,15500
JOUT,13-May-2024,38.06,38.67,38.02,38.11,52800
JPEF,13-May-2024,59.68,59.68,59.2361,59.34,51900
JRSH,13-May-2024,3.08,3.0897,3.02,3.0897,6700
JRVR,13-May-2024,7.81,8.36,7.78,8.06,733900
JSM,13-May-2024,19.3,19.46,19.155,19.37,2700
JSMD,13-May-2024,68.4283,68.51,67.8183,67.8183,9700
JSML,13-May-2024,59.6,59.68,59.061,59.21,6300
JSPR,13-May-2024,21.29,22.02,20.63,20.76,35400
JSPRW,13-May-2024,0.221,0.221,0.152,0.1599,8300
JTAI,13-May-2024,0.7,0.7035,0.68,0.681,61300
JTEK,13-May-2024,63.71,63.889,63.459,63.65,34000
JUNE,13-May-2024,4.57,4.8,4.4204,4.74,66600
JVA,13-May-2024,1.52,1.52,1.47,1.476,26200
JVSA,13-May-2024,10.11,10.11,10.1,10.1,5000
JWEL,13-May-2024,1.19,1.19,1.19,1.19,600
JYD,13-May-2024,0.68,0.79,0.68,0.79,19600
JYNT,13-May-2024,16.44,16.8668,16.25,16.45,97200
JZ,13-May-2024,2.255,2.255,2.12,2.12,2700
JZXN,13-May-2024,0.39,0.3919,0.36,0.3766,139600
KALA,13-May-2024,6.97,7.15,6.8,6.8164,3700
KALU,13-May-2024,99.65,100.83,99.155,100.19,90500
KALV,13-May-2024,12.15,12.43,11.91,12,206900
KARO,13-May-2024,26.41,27.5583,26.41,27.2351,3300
KAVL,13-May-2024,3.72,3.8,3.5286,3.61,16500
KBWB,13-May-2024,54.65,54.82,54.22,54.25,292300
KBWD,13-May-2024,15.59,15.67,15.58,15.61,92600
KBWP,13-May-2024,107.31,107.31,105.87,105.87,30900
KBWR,13-May-2024,51.53,51.53,50.71,50.71,1100
KBWY,13-May-2024,17.9,17.96,17.79,17.86,143000
KC,13-May-2024,3.36,3.675,3.36,3.6,1827300
KDP,13-May-2024,34,34.23,33.81,34.12,8073000
KE,13-May-2024,22.58,22.74,22.08,22.39,104400
KEAT,13-May-2024,25.2602,25.2602,25.2602,25.2602,0
KELYA,13-May-2024,23.44,23.44,22,22.24,447600
KELYB,13-May-2024,23.03,23.03,23.03,23.03,200
KEQU,13-May-2024,36.325,38.95,36.325,37.9,28100
KFFB,13-May-2024,3.5083,3.5083,3.5083,3.5083,300
KGEI,13-May-2024,3.2189,3.2189,3.08,3.13,5400
KHC,13-May-2024,36.29,36.65,36.26,36.49,8561700
KIDS,13-May-2024,31.29,31.82,30.69,31.13,183300
KINS,13-May-2024,4.19,4.19,4.01,4.01,39200
KIRK,13-May-2024,1.84,1.88,1.83,1.84,115200
KITT,13-May-2024,0.186,0.186,0.1313,0.135,31723400
KITTW,13-May-2024,0.03,0.03,0.0179,0.03,23300
KLAC,13-May-2024,720,720,711.56,714.15,554000
KLIC,13-May-2024,48.23,48.4453,47.365,47.99,270000
KLTR,13-May-2024,1.19,1.215,1.18,1.2,56100
KLXE,13-May-2024,5.63,5.98,5.58,5.66,317800
KMDA,13-May-2024,5.53,5.5899,5.5002,5.57,8400
KNDI,13-May-2024,2.25,2.3,2.2301,2.27,66000
KNGZ,13-May-2024,31.33,31.3669,31.2598,31.3107,3300
KNSA,13-May-2024,19.73,19.9,19.47,19.58,193900
KOD,13-May-2024,3.62,3.88,3.62,3.83,252900
KOPN,13-May-2024,0.791,0.7997,0.752,0.7624,963200
KOSS,13-May-2024,3.86,5.53,3.62,4.37,19537300
KPLT,13-May-2024,16.51,17.99,16,17.11,33600
KPLTW,13-May-2024,0.0175,0.0179,0.0155,0.0155,44100
KPRX,13-May-2024,0.52,0.52,0.4859,0.5097,63900
KPTI,13-May-2024,1.09,1.15,1.07,1.12,1051100
KRKR,13-May-2024,0.373,0.373,0.3636,0.3725,2100
KRMA,13-May-2024,36.04,36.0401,35.99,36.03,6700
KRMD,13-May-2024,2.23,2.26,2.21,2.24,1159700
KRNT,13-May-2024,15.52,16.045,15.52,15.54,229400
KRNY,13-May-2024,5.72,5.78,5.64,5.64,279900
KRON,13-May-2024,1.02,1.06,0.9936,1.02,432200
KROP,13-May-2024,11.29,11.29,11.1785,11.1785,800
KROS,13-May-2024,54.87,55.03,53.2,54,226000
KRRO,13-May-2024,49.51,50.755,49.51,50.24,50900
KRT,13-May-2024,26.98,27.57,26.4,27.365,79000
KRUS,13-May-2024,112.03,121.99,106.26,106.29,186000
KRYS,13-May-2024,156.39,159.1499,154.48,154.82,192100
KSCP,13-May-2024,0.4265,0.4399,0.4075,0.4152,1879200
KSPI,13-May-2024,120,121.8,117.96,118.57,136900
KTCC,13-May-2024,4.5,4.51,4.3702,4.38,22300
KTOS,13-May-2024,19.9,19.99,19.49,19.52,951400
KTTA,13-May-2024,6.68,7.0601,6.68,6.95,1600
KTTAW,13-May-2024,0.0124,0.0124,0.0124,0.0124,1900
KURA,13-May-2024,20.93,20.935,20.255,20.61,339000
KVAC,13-May-2024,10.52,10.525,10.52,10.52,2000
KVACW,13-May-2024,0.0671,0.073,0.0642,0.073,600
KVHI,13-May-2024,4.96,5.1,4.96,5.02,109800
KWE,13-May-2024,0.81,0.81,0.7205,0.778,42300
KWESW,13-May-2024,0.0823,0.0823,0.0823,0.0823,1300
KXIN,13-May-2024,0.12,0.13,0.1103,0.1247,1143400
KYMR,13-May-2024,37.91,39.02,37.91,38.36,439400
KYTX,13-May-2024,14.68,15.3,14.15,14.63,480000
KZIA,13-May-2024,0.285,0.2999,0.28,0.2997,86800
KZR,13-May-2024,0.79,0.8065,0.72,0.7475,1525100
LAB,13-May-2024,2.4,2.49,2.4,2.48,1832800
LAES,13-May-2024,1.19,1.24,1.16,1.19,172900
LAKE,13-May-2024,17.48,17.8,17.18,17.18,9700
LAMR,13-May-2024,120.49,120.61,118.76,119.22,339800
LANC,13-May-2024,198.77,200.79,194.66,194.92,107900
LAND,13-May-2024,13.32,13.4,13.13,13.14,117300
LANDM,13-May-2024,24.0501,24.12,24.0501,24.12,500
LANDO,13-May-2024,19.4,19.7399,19.37,19.435,17800
LANDP,13-May-2024,19.3,19.48,19.2301,19.48,13900
LARK,13-May-2024,19.28,19.34,19.11,19.25,7300
LASE,13-May-2024,2.43,2.7799,2.35,2.62,256300
LASR,13-May-2024,13.41,13.49,13.145,13.24,206400
LAUR,13-May-2024,16.07,16.215,15.94,16.14,913200
LAZR,13-May-2024,1.74,1.91,1.715,1.82,11357200
LBRDA,13-May-2024,53.73,54.47,53.24,53.32,86600
LBRDK,13-May-2024,53.26,54.26,52.95,52.97,813700
LBRDP,13-May-2024,22.56,22.9477,22.52,22.59,3100
LBTYA,13-May-2024,16.73,17.09,16.73,16.77,1078100
LBTYK,13-May-2024,17.29,17.605,17.27,17.29,2613700
LCFY,13-May-2024,3.58,4.23,3.5797,3.81,13800
LCID,13-May-2024,2.69,3.07,2.68,2.81,42695200
LCNB,13-May-2024,14.66,14.79,14.5875,14.71,10200
LCUT,13-May-2024,10.74,11.34,9.78,10.57,222800
LDEM,13-May-2024,46.1621,46.23,46.1621,46.23,900
LDSF,13-May-2024,18.63,18.68,18.63,18.64,3600
LDTC,13-May-2024,2.23,2.298,2.2,2.2149,4400
LDTCW,13-May-2024,0.0951,0.0951,0.075,0.075,14100
LDWY,13-May-2024,5.56,5.835,5.26,5.28,16300
LE,13-May-2024,14.98,14.98,13.33,13.51,210700
LECO,13-May-2024,238.2,238.47,231.42,231.66,275800
LEDS,13-May-2024,1.44,1.49,1.39,1.39,3200
LEE,13-May-2024,12.05,12.05,11.64,11.64,8900
LEGH,13-May-2024,23.39,23.65,23,23.03,102500
LEGN,13-May-2024,46.28,46.89,42.21,42.97,1328000
LEGR,13-May-2024,43.72,43.9,43.7,43.8106,3700
LENZ,13-May-2024,15.7,16.1,15.51,15.91,233200
LESL,13-May-2024,4.9,5.34,4.88,5.315,4717800
LEXX,13-May-2024,3.62,3.62,3.14,3.18,231500
LFCR,13-May-2024,6.26,6.5,6.08,6.11,119500
LFLY,13-May-2024,1.95,2.146,1.82,1.86,197700
LFLYW,13-May-2024,0.0386,0.0386,0.038,0.038,800
LFMD,13-May-2024,9.25,9.87,9.24,9.53,589600
LFST,13-May-2024,6.9,7.52,6.88,7.17,1960800
LFUS,13-May-2024,259.58,260.92,255.68,257.51,127500
LFVN,13-May-2024,6.75,6.99,6.75,6.77,117600
LFWD,13-May-2024,5.03,5.13,5.0001,5.02,12800
LGCB,13-May-2024,2.67,3.21,2.67,3.18,26500
LGCL,13-May-2024,3.65,3.71,3.55,3.56,318300
LGHL,13-May-2024,0.4411,0.4731,0.4411,0.452,872700
LGHLW,13-May-2024,0.0031,0.0058,0.0031,0.005,179300
LGIH,13-May-2024,100.62,102.37,100.1,100.45,192200
LGMK,13-May-2024,0.7539,0.82,0.75,0.7905,30300
LGND,13-May-2024,87.34,87.53,83.93,84.07,105200
LGO,13-May-2024,1.6,1.6,1.53,1.59,21500
LGRO,13-May-2024,30.02,30.14,30.02,30.05,3900
LGVN,13-May-2024,1.45,1.48,1.24,1.3,492100
LI,13-May-2024,26.95,27.745,26.89,27,6233500
LICN,13-May-2024,1.06,1.1699,1.05,1.11,186400
LIDR,13-May-2024,2.26,2.9,2.21,2.49,10620100
LIDRW,13-May-2024,0.0245,0.0249,0.0136,0.015,362700
LILA,13-May-2024,8.55,8.84,8.3,8.34,440900
LILAK,13-May-2024,8.55,8.845,8.3,8.35,831600
LIN,13-May-2024,435.07,437.16,433.71,434.78,1269700
LINC,13-May-2024,12.26,12.345,11.98,12.05,69900
LIND,13-May-2024,7.3,7.68,7.28,7.66,185900
LINK,13-May-2024,4.3,4.605,4.3,4.515,6700
LIPO,13-May-2024,0.7224,0.754,0.7224,0.7327,6300
LIQT,13-May-2024,2.91,2.925,2.62,2.651,6100
LITE,13-May-2024,43.93,45.39,43.77,44,979200
LITM,13-May-2024,0.86,0.8999,0.85,0.8999,19300
LITP,13-May-2024,10.63,10.744,10.61,10.69,7700
LIVE,13-May-2024,26,26.185,25.5,25.62,18800
LIVN,13-May-2024,62.27,62.65,60.9,61.14,496600
LIXT,13-May-2024,2.74,2.78,2.67,2.6715,3800
LIXTW,13-May-2024,0.0501,0.0501,0.0501,0.0501,1100
LKCO,13-May-2024,0.61,0.6151,0.585,0.596,17700
LKFN,13-May-2024,62.65,62.68,61.48,61.72,52100
LKQ,13-May-2024,44.53,44.93,44.35,44.55,1041500
LLYVA,13-May-2024,39.25,39.25,37.65,37.68,153900
LLYVK,13-May-2024,40.56,40.65,39.32,39.41,141000
LMAT,13-May-2024,76.24,76.59,75.63,76.21,154300
LMB,13-May-2024,51.7,52.08,49.75,50.47,268900
LMBS,13-May-2024,48.05,48.09,48.0173,48.03,190500
LMFA,13-May-2024,2.3,2.49,2.3,2.37,61200
LMNR,13-May-2024,21.23,21.575,20.99,21.24,42200
LNKB,13-May-2024,6.51,6.57,6.4025,6.5,36900
LNSR,13-May-2024,3.77,3.96,3.6564,3.83,29400
LNT,13-May-2024,51.61,51.955,51.265,51.34,1063700
LNTH,13-May-2024,76.89,77.91,76.51,77.88,736400
LNW,13-May-2024,92.37,92.57,91.06,92.06,644400
LNZA,13-May-2024,2.48,2.72,2.455,2.72,548200
LNZAW,13-May-2024,0.1775,0.1905,0.175,0.19,18400
LOAN,13-May-2024,5.05,5.1,4.89,4.985,52800
LOBO,13-May-2024,3.11,3.11,2.9,2.965,11900
LOCO,13-May-2024,10.48,11.05,10.48,10.86,659300
LOGC,13-May-2024,5,5.7472,5,5.57,703300
LOGI,13-May-2024,85.03,86.415,84.94,86.36,357400
LOOP,13-May-2024,2.78,2.8788,2.78,2.85,15600
LOPE,13-May-2024,149.69,149.69,146.84,146.94,220500
LOT,13-May-2024,7.46,8.0018,7.3,7.82,83000
LOTWW,13-May-2024,0.4,0.4,0.4,0.4,700
LOVE,13-May-2024,25.55,27.26,25.55,26.53,546400
LPCN,13-May-2024,5.44,5.44,5.18,5.28,16700
LPLA,13-May-2024,267.36,270.94,266.6,267.43,317300
LPRO,13-May-2024,5.94,6.155,5.91,5.97,838400
LPSN,13-May-2024,0.59,0.7042,0.5814,0.6605,8589300
LPTH,13-May-2024,1.42,1.47,1.34,1.44,142100
LPTX,13-May-2024,2.76,2.99,2.71,2.83,205900
LQDA,13-May-2024,12.09,12.37,12.01,12.14,579400
LQDT,13-May-2024,18.72,19.087,18.72,19,155100
LRCX,13-May-2024,920.66,920.66,902.45,903.79,739300
LRFC,13-May-2024,22.28,22.53,22.28,22.52,3000
LRGE,13-May-2024,66.48,66.48,66.0105,66.25,4500
LRHC,13-May-2024,1.34,1.5,1.31,1.34,35000
LRMR,13-May-2024,7.04,7.58,7.04,7.32,213900
LRND,13-May-2024,31.0202,31.0202,31.0202,31.0202,100
LSAK,13-May-2024,5.03,5.13,4.9,4.95,50500
LSBK,13-May-2024,12.3,12.33,12.3,12.33,800
LSCC,13-May-2024,70.3,70.89,69.58,70.79,973100
LSEA,13-May-2024,9.94,10.19,9.88,9.99,163900
LSEAW,13-May-2024,0.2001,0.2001,0.2,0.2,5300
LSTA,13-May-2024,2.86,2.9454,2.65,2.775,5400
LSTR,13-May-2024,184.46,186.05,182.38,184.15,198500
LTBR,13-May-2024,2.42,2.45,2.2801,2.33,86700
LTRN,13-May-2024,6.18,6.55,6.09,6.09,50700
LTRX,13-May-2024,3.52,3.915,3.52,3.76,606900
LTRY,13-May-2024,1.63,1.792,1.6,1.78,413600
LTRYW,13-May-2024,0.0149,0.015,0.0133,0.015,6800
LUCD,13-May-2024,0.95,0.9602,0.915,0.95,126000
LUCY,13-May-2024,0.206,0.206,0.18,0.1853,464800
LULU,13-May-2024,354.37,355.44,347,347.16,1482200
LUNA,13-May-2024,2.74,2.85,2.684,2.73,342100
LUNG,13-May-2024,8.47,8.9,8.47,8.77,215000
LUNR,13-May-2024,5.91,6.16,5.87,6.07,2399400
LUNRW,13-May-2024,1.27,1.27,1.17,1.21,49700
LUXH,13-May-2024,0.662,0.7125,0.5044,0.544,4347200
LUXHP,13-May-2024,22,22,19.85,19.85,500
LVHD,13-May-2024,36.75,36.84,36.6699,36.74,40100
LVLU,13-May-2024,1.74,1.79,1.6615,1.7,30100
LVO,13-May-2024,1.79,1.9,1.76,1.8,347500
LVRO,13-May-2024,5.61,6.01,5.61,5.69,3100
LVTX,13-May-2024,3.05,3.13,3.05,3.06,12800
LWAY,13-May-2024,27,28.0999,25.45,26.77,200100
LWLG,13-May-2024,4,4.36,3.995,4.08,664100
LX,13-May-2024,1.86,1.98,1.86,1.91,1025300
LXEH,13-May-2024,0.481,0.5171,0.4803,0.485,56400
LXEO,13-May-2024,13.13,13.58,12.98,13.56,62100
LXRX,13-May-2024,1.82,1.965,1.81,1.87,2560500
LYEL,13-May-2024,2.46,2.52,2.395,2.4,591400
LYFT,13-May-2024,17.4,17.49,16.75,17.08,11195700
LYRA,13-May-2024,0.3633,0.3693,0.357,0.3626,2592200
LYT,13-May-2024,3.18,3.3,3.1,3.115,37900
LYTS,13-May-2024,16.02,16.02,15.68,15.69,67500
LZ,13-May-2024,10.03,10.1,9.39,9.75,3257300
MAGS,13-May-2024,39.93,39.9599,39.5921,39.95,248400
MAGX,13-May-2024,27.1,27.32,27.1,27.32,1000
MAMA,13-May-2024,6.44,6.55,6.29,6.53,168700
MAMO,13-May-2024,4.01,4.26,3.92,4.2,71700
MANH,13-May-2024,219.19,219.19,213.44,213.62,347000
MAPS,13-May-2024,1.13,1.17,1.1,1.1,416500
MAPSW,13-May-2024,0.0691,0.0691,0.0555,0.058,40000
MAR,13-May-2024,241.25,241.7,236.21,237.5,1288800
MARA,13-May-2024,17.66,18.405,17,17.26,31441500
MARPS,13-May-2024,4.29,4.29,4.21,4.21,3200
MASI,13-May-2024,121.86,123.06,116,116.16,752900
MASS,13-May-2024,5.81,6.71,5.81,6.56,1635900
MAT,13-May-2024,18.86,18.98,18.745,18.79,3091500
MATH,13-May-2024,1.51,1.51,1.44,1.45,7500
MATW,13-May-2024,29,29.29,28.91,28.94,92700
MAXI,13-May-2024,26.59,27.14,26.59,27.1,16400
MAXN,13-May-2024,2.21,2.965,2.195,2.47,5132700
MBB,13-May-2024,91.15,91.1699,90.94,90.96,1177300
MBCN,13-May-2024,22.55,22.55,21.685,22.25,3800
MBIN,13-May-2024,47.8,48.6281,47.33,47.61,125000
MBINM,13-May-2024,25.85,25.93,25.6536,25.73,1100
MBINN,13-May-2024,20.35,20.35,20.19,20.2,4100
MBINO,13-May-2024,24.67,24.7799,24.6,24.7,8400
MBIO,13-May-2024,0.2703,0.2798,0.2515,0.2599,85200
MBLY,13-May-2024,27.18,28.88,27.18,28,1707500
MBNKP,13-May-2024,24.62,25.01,24.62,25.01,1600
MBOT,13-May-2024,0.94,0.9784,0.9182,0.9276,64100
MBRX,13-May-2024,4.9,4.9,4.62,4.67,13100
MBUU,13-May-2024,36.52,37.41,36.3496,36.65,298000
MBWM,13-May-2024,39.84,39.84,38.95,39.01,43700
MCBS,13-May-2024,25.4,25.47,25,25,10300
MCFT,13-May-2024,20.96,21.67,20.86,20.97,221200
MCHI,13-May-2024,45.74,46.21,45.71,46.1,3412900
MCHP,13-May-2024,92.38,93.45,92.14,92.54,3387700
MCHS,13-May-2024,27.59,27.59,27.59,27.59,100
MCHX,13-May-2024,1.26,1.2761,1.26,1.275,53300
MCRB,13-May-2024,1.03,1.07,0.96,0.9651,3464600
MCRI,13-May-2024,68.06,68.23,66.635,67.26,211000
MCSE,13-May-2024,15.11,15.11,15.11,15.11,100
MDAI,13-May-2024,1.7,1.73,1.655,1.66,166600
MDAIW,13-May-2024,0.145,0.1455,0.14,0.1455,9000
MDB,13-May-2024,356.97,361.93,354.62,359.24,983400
MDBH,13-May-2024,8.95,9.2,8.95,9.2,800
MDCP,13-May-2024,27.345,27.345,27.345,27.345,0
MDGL,13-May-2024,208.78,217.035,205.99,211.32,269800
MDIA,13-May-2024,1.64,1.75,1.64,1.7,62200
MDIV,13-May-2024,15.9,15.9,15.79,15.811,41000
MDLZ,13-May-2024,71.48,71.94,71.21,71.76,5541400
MDRR,13-May-2024,5.45,5.57,5.45,5.54,2900
MDRRP,13-May-2024,24.2,24.2,24.2,24.2,200
MDWD,13-May-2024,17.7,17.97,17.53,17.65,30200
MDXG,13-May-2024,7.47,7.92,7.44,7.9,1031500
MDXH,13-May-2024,2.78,2.95,2.78,2.9,26000
ME,13-May-2024,0.5,0.5453,0.5,0.5291,4359600
MEDP,13-May-2024,390.2,396.29,389.025,389.27,165900
MEDX,13-May-2024,28.7021,28.7021,28.7021,28.7021,100
MEGL,13-May-2024,0.63,0.6466,0.62,0.6352,52000
MEIP,13-May-2024,3,3.12,3,3.12,9900
MELI,13-May-2024,1710,1710,1671,1677.34,248000
MEMS,13-May-2024,25.52,25.54,25.51,25.51,3300
MEOH,13-May-2024,50.92,53.55,50.67,52.83,641500
MERC,13-May-2024,10.58,11.03,10.47,10.9,411900
MESA,13-May-2024,0.92,0.933,0.88,0.8994,147800
MESO,13-May-2024,7.19,7.23,6.875,6.98,202800
META,13-May-2024,472.75,473.35,462.85,468.01,14668700
METC,13-May-2024,12.73,13.125,12.68,12.94,736000
METCB,13-May-2024,11.25,11.36,10.76,10.76,31200
METCL,13-May-2024,25.47,25.47,25.42,25.42,600
MFH,13-May-2024,1.57,1.57,1.467,1.467,1000
MFI,13-May-2024,1.2,1.27,1.15,1.19,296000
MFIC,13-May-2024,15.57,15.625,15.535,15.59,166100
MFICL,13-May-2024,25.36,25.4899,25.36,25.4899,800
MFIN,13-May-2024,7.98,8.17,7.975,8.07,51000
MFLX,13-May-2024,16.95,17.01,16.91,17.01,2300
MGEE,13-May-2024,81.6,81.962,81.15,81.56,140300
MGIC,13-May-2024,12.43,12.5,12.4,12.41,62500
MGIH,13-May-2024,1.49,1.52,1.35,1.46,28600
MGNI,13-May-2024,9.14,9.4304,9.06,9.14,1302700
MGNX,13-May-2024,3.51,4.45,3.4,4.38,19499400
MGOL,13-May-2024,0.2198,0.2269,0.2053,0.2195,194400
MGPI,13-May-2024,83.6,84.24,81.38,82.04,143300
MGRC,13-May-2024,109.91,110.22,107.9,108,82800
MGRM,13-May-2024,1.88,1.9997,1.87,1.9,132400
MGRX,13-May-2024,0.2575,0.27,0.2321,0.25,106800
MGTX,13-May-2024,5.15,5.21,5.07,5.14,80000
MGX,13-May-2024,6.6,6.74,6.4728,6.55,18100
MGYR,13-May-2024,11.05,11.1,11.05,11.06,1800
MHLD,13-May-2024,2.2,2.2,2.16,2.16,80900
MHUA,13-May-2024,0.71,0.73,0.7005,0.73,26200
MIDD,13-May-2024,139.34,139.34,136.71,137.22,467200
MIGI,13-May-2024,1.02,1.15,1.02,1.11,296600
MILN,13-May-2024,38.3,38.3,38.03,38.15,5600
MIND,13-May-2024,4.33,4.48,4.1999,4.48,2500
MIRA,13-May-2024,0.725,0.7699,0.7011,0.7171,34900
MIRM,13-May-2024,25.15,26.27,24.61,24.78,385100
MIST,13-May-2024,1.69,1.74,1.69,1.7,38400
MITK,13-May-2024,13.59,14.26,12.83,14.18,1322900
MKAM,13-May-2024,27.7674,27.7674,27.7674,27.7674,0
MKSI,13-May-2024,124,124.43,118.45,118.71,2696900
MKTW,13-May-2024,1.54,1.5765,1.5,1.54,55800
MKTX,13-May-2024,206.99,212.7625,205.87,205.93,335900
MLAB,13-May-2024,117.69,118.58,115.24,116.36,19300
MLCO,13-May-2024,8.02,8.33,8.01,8.28,3388800
MLEC,13-May-2024,1.28,1.32,1.1,1.26,230600
MLECW,13-May-2024,0.0698,0.079,0.0697,0.079,24100
MLGO,13-May-2024,2.31,2.365,2.25,2.27,189700
MLKN,13-May-2024,27.6,27.84,27.35,27.56,327900
MLTX,13-May-2024,41.41,42.71,40.675,41.71,356900
MLYS,13-May-2024,13.53,13.83,12.6,12.93,127500
MMLP,13-May-2024,3,3,2.76,2.94,57200
MMSI,13-May-2024,81.04,81.87,80.58,80.83,480400
MMV,13-May-2024,0.559,0.5982,0.5465,0.548,12000
MMVWW,13-May-2024,0.0236,0.0288,0.0236,0.0288,3300
MMYT,13-May-2024,75.48,76.6199,74.85,75.6,826200
MNDO,13-May-2024,1.91,1.92,1.86,1.88,23300
MNDR,13-May-2024,2.36,2.45,2.3,2.42,948300
MNDY,13-May-2024,181.66,184.7,180.66,181.28,1221500
MNKD,13-May-2024,4.35,4.425,4.275,4.41,1806200
MNMD,13-May-2024,9.24,9.24,8.45,8.45,1238500
MNOV,13-May-2024,1.53,1.54,1.4801,1.52,35700
MNPR,13-May-2024,0.7069,0.7388,0.6751,0.6751,25200
MNRO,13-May-2024,26.93,27.86,26.87,27.08,472300
MNSB,13-May-2024,16.7,16.869,16.61,16.7,14600
MNSBP,13-May-2024,22.06,22.48,22,22.02,4100
MNST,13-May-2024,55.62,55.8,54.625,54.72,4951100
MNTK,13-May-2024,4.71,4.96,4.66,4.68,356600
MNTL,13-May-2024,24.88,24.88,24.88,24.88,100
MNTS,13-May-2024,0.53,0.57,0.52,0.556,128100
MNTSW,13-May-2024,0.0066,0.0085,0.005,0.0056,169000
MNTX,13-May-2024,6.57,7.22,6.48,6.96,160800
MNY,13-May-2024,1.85,1.97,1.85,1.96,120200
MNYWW,13-May-2024,0.1,0.1,0.1,0.1,100
MOB,13-May-2024,0.97,0.99,0.95,0.9741,124100
MOBX,13-May-2024,2.77,2.95,2.59,2.69,89200
MOBXW,13-May-2024,0.198,0.23,0.185,0.23,50900
MODD,13-May-2024,1.71,1.85,1.71,1.84,30500
MODL,13-May-2024,35.64,35.67,35.57,35.62,11000
MODV,13-May-2024,26.58,27.5,26.5,26.62,141200
MOFG,13-May-2024,21.97,21.97,21.22,21.22,21700
MOGO,13-May-2024,1.69,1.7999,1.69,1.7197,80300
MOMO,13-May-2024,6.13,6.25,6.12,6.16,992800
MOOD,13-May-2024,28.62,28.62,28.5891,28.5891,800
MORN,13-May-2024,300.31,300.31,295.485,296.4,40800
MOVE,13-May-2024,0.44,0.44,0.3986,0.4166,69400
MPAA,13-May-2024,5.1,5.41,4.91,5.01,150500
MPB,13-May-2024,21.6,21.7,21.3608,21.65,26000
MPWR,13-May-2024,710.04,710.05,697.58,703.05,346400
MQ,13-May-2024,5.55,5.8,5.55,5.61,4240600
MRAM,13-May-2024,6.03,6.41,6.03,6.17,187500
MRBK,13-May-2024,9.06,9.365,9.02,9.07,16300
MRCC,13-May-2024,7.21,7.28,7.2,7.22,60200
MRCY,13-May-2024,28.18,29.76,28.125,28.75,632400
MREO,13-May-2024,3.04,3.14,2.97,2.97,473500
MRIN,13-May-2024,2.54,2.65,2.52,2.64,65500
MRKR,13-May-2024,4.3799,4.3799,4.09,4.09,7700
MRM,13-May-2024,5.32,5.5,5.32,5.49,2000
MRNA,13-May-2024,119.47,126.88,119.03,125.67,4095200
MRNO,13-May-2024,11,11.95,10.5,11.46,14700
MRNOW,13-May-2024,0.14,0.1508,0.131,0.1311,41100
MRNS,13-May-2024,1.37,1.42,1.33,1.35,922400
MRSN,13-May-2024,2.76,2.78,2.6,2.62,2238800
MRTN,13-May-2024,18.16,18.22,17.97,18.03,274100
MRUS,13-May-2024,45.06,46.63,44.74,45.85,833100
MRVI,13-May-2024,10.45,10.71,10.33,10.53,2366800
MRVL,13-May-2024,69,70.53,68.85,69.02,5261300
MRX,13-May-2024,19,19.2,19,19.14,134500
MSAI,13-May-2024,2.61,2.8,2.5293,2.55,11100
MSAIW,13-May-2024,0.057,0.0645,0.0431,0.0431,13000
MSBI,13-May-2024,23.89,23.93,23.61,23.65,33200
MSBIP,13-May-2024,25,25.03,24.93,24.98,5100
MSEX,13-May-2024,58.43,59.215,57.7494,57.89,146100
MSFD,13-May-2024,14.08,14.32,14.08,14.22,59600
MSFL,13-May-2024,24.68,24.68,23.818,24.1176,36500
MSFT,13-May-2024,418.01,418.348,410.82,413.72,15440200
MSFU,13-May-2024,44.45,44.45,42.8748,43.43,183000
MSGM,13-May-2024,2.62,2.84,2.51,2.59,42000
MSS,13-May-2024,1.2,1.2183,1.0864,1.12,19100
MSSAW,13-May-2024,0.01,0.01,0.01,0.01,1600
MSTR,13-May-2024,1217.94,1264.151,1203,1245.96,875700
MTC,13-May-2024,3.72,4.86,3.645,4.85,457200
MTCH,13-May-2024,30.96,31.57,30.51,30.96,7544500
MTEK,13-May-2024,1.5,1.5318,1.45,1.46,8100
MTEKW,13-May-2024,0.11,0.11,0.11,0.11,800
MTEM,13-May-2024,1.55,1.55,1.27,1.4,58200
MTEN,13-May-2024,5.77,6.7699,5.77,6.61,132200
MTEX,13-May-2024,7.36,7.36,7.36,7.36,400
MTLS,13-May-2024,5.14,5.24,5.12,5.2,71500
MTRX,13-May-2024,11.01,11.23,10.65,10.89,514700
MTSI,13-May-2024,103,103.68,101.3,102.61,514400
MTTR,13-May-2024,4.43,4.53,4.43,4.46,2353400
MU,13-May-2024,122.93,124.11,121.65,123,16643200
MULN,13-May-2024,6.05,6.25,5.58,5.78,3373300
MURA,13-May-2024,3.82,3.87,3.69,3.75,53700
MVBF,13-May-2024,18.75,18.775,18.2901,18.55,12100
MVIS,13-May-2024,1.22,1.36,1.2159,1.25,3225100
MVST,13-May-2024,0.43,0.4399,0.4092,0.4246,1761900
MVSTW,13-May-2024,0.0306,0.035,0.0305,0.035,31500
MXCT,13-May-2024,4.74,4.82,4.675,4.71,194000
MXL,13-May-2024,18.63,19.265,18.48,18.7,417800
MYFW,13-May-2024,17.71,17.91,17.4248,17.91,61100
MYGN,13-May-2024,25.48,25.86,24.885,24.93,1205400
MYNA,13-May-2024,5.2,5.8899,5.2,5.8899,1300
MYNZ,13-May-2024,0.68,0.7,0.6651,0.67,37700
MYPS,13-May-2024,2.31,2.38,2.29,2.37,199100
MYRG,13-May-2024,161.09,161.09,153.12,153.48,98500
MYSZ,13-May-2024,4.18,4.4442,3.87,4.24,170300
NA,13-May-2024,0.64,0.6405,0.513,0.5476,175000
NAAS,13-May-2024,0.8051,0.8285,0.7,0.7029,1510400
NAII,13-May-2024,6.67,6.85,6.56,6.56,7800
NAMS,13-May-2024,21.61,22.2299,20.18,20.21,107600
NAMSW,13-May-2024,9.81,9.81,9.51,9.51,2100
NAOV,13-May-2024,0.7469,0.7469,0.69,0.72,20700
NARI,13-May-2024,43.8,46.93,43.61,45.58,1312100
NATH,13-May-2024,66.99,67.01,66.75,66.75,4600
NATR,13-May-2024,16.47,16.47,15.38,15.51,209200
NAUT,13-May-2024,2.75,2.76,2.681,2.73,25200
NAVI,13-May-2024,15.67,15.99,15.56,15.65,739200
NB,13-May-2024,2.39,2.47,2.37,2.39,56800
NBBK,13-May-2024,15.54,15.64,15.42,15.42,190200
NBIX,13-May-2024,138,138.685,135.23,136.15,712800
NBN,13-May-2024,54.96,55.075,54.29,54.37,20100
NBTB,13-May-2024,38,38.09,37.4,37.44,126400
NBTX,13-May-2024,6.97,7.11,6.7,6.85,9600
NCI,13-May-2024,1.12,1.27,1.11,1.175,652300
NCMI,13-May-2024,4.51,4.71,4.5,4.53,418300
NCNA,13-May-2024,3.61,3.87,3.54,3.73,19500
NCNO,13-May-2024,31.4,31.8,30.59,30.67,581400
NCPB,13-May-2024,24.7583,24.7583,24.7583,24.7583,0
NCPL,13-May-2024,0.131,0.1313,0.1266,0.1276,384600
NCSM,13-May-2024,17.85,17.85,17.63,17.63,1100
NCTY,13-May-2024,6.65,7.43,6.61,7.18,20700
NDAQ,13-May-2024,60.9,61.748,60.54,60.62,1866700
NDLS,13-May-2024,2.07,2.15,1.97,2.12,455500
NDRA,13-May-2024,0.3009,0.3044,0.29,0.2911,110000
NDSN,13-May-2024,279.29,279.29,273.7,273.76,197000
NECB,13-May-2024,16.95,17.2,16.93,17.14,41300
NEGG,13-May-2024,0.8437,1.08,0.8437,1.05,3568500
NEO,13-May-2024,15.91,16.05,15.6,15.63,403600
NEOG,13-May-2024,12.45,12.86,12.45,12.84,2212100
NEON,13-May-2024,2.62,2.65,2.26,2.44,114700
NEOV,13-May-2024,2.72,2.94,2.65,2.91,316300
NEOVW,13-May-2024,0.4,0.41,0.34,0.4,10400
NEPH,13-May-2024,2.14,2.16,2.08,2.1,8800
NERD,13-May-2024,15.33,15.44,15.33,15.411,1200
NERV,13-May-2024,2.44,2.48,2.4075,2.4401,13400
NETD,13-May-2024,10.57,10.58,10.54,10.555,8500
NETDU,13-May-2024,10.55,10.55,10.55,10.55,100
NETDW,13-May-2024,0.1125,0.1129,0.0911,0.1,49100
NEWT,13-May-2024,12.85,13.12,12.85,13.04,90200
NEWTI,13-May-2024,25.15,25.25,25.06,25.15,8300
NEWTZ,13-May-2024,24.2651,24.2651,24.2651,24.2651,700
NEWZ,13-May-2024,26.1699,26.1699,26.0406,26.0406,1300
NEXN,13-May-2024,5.76,5.85,5.7,5.7,60500
NEXT,13-May-2024,6.83,6.91,6.37,6.47,1756800
NFBK,13-May-2024,9.45,9.45,9.17,9.2,336900
NFE,13-May-2024,26.99,27.11,26.7,27.08,1228500
NFLX,13-May-2024,614.3,618.219,606.83,616.5901,2086100
NFTY,13-May-2024,56.7,56.7,56.3629,56.46,11700
NGNE,13-May-2024,32.09,33.2,29.54,30.64,47500
NHTC,13-May-2024,7.05,7.05,6.8404,6.96,46100
NICE,13-May-2024,226.55,229.33,225.43,225.55,382700
NIKL,13-May-2024,14.56,14.64,14.51,14.55,18800
NIOBW,13-May-2024,0.44,0.44,0.4086,0.4086,1200
NISN,13-May-2024,6.73,7.2709,6.5801,7.21,152800
NITO,13-May-2024,0.99,1,0.95,0.9676,55000
NIU,13-May-2024,2.32,2.5,2.32,2.44,442100
NIVF,13-May-2024,1.21,1.43,1.21,1.29,704400
NIVFW,13-May-2024,0.0695,0.0896,0.0592,0.065,25700
NKGN,13-May-2024,1.23,1.2812,1.22,1.24,63100
NKGNW,13-May-2024,0.057,0.057,0.0565,0.057,2600
NKLA,13-May-2024,0.54,0.5771,0.54,0.5499,106227100
NKSH,13-May-2024,30.06,30.69,30.06,30.24,6100
NKTR,13-May-2024,1.86,1.928,1.685,1.75,3032900
NKTX,13-May-2024,6.3,6.91,6.3,6.58,906600
NLSP,13-May-2024,0.139,0.1462,0.1325,0.1405,124900
NLSPW,13-May-2024,0.04,0.04,0.0212,0.0305,11600
NMFC,13-May-2024,12.62,12.65,12.55,12.57,280500
NMFCZ,13-May-2024,25.42,25.4499,25.28,25.34,54000
NMHI,13-May-2024,0.8754,0.9,0.8305,0.8477,27300
NMIH,13-May-2024,34.23,34.33,33.41,33.45,412900
NMRA,13-May-2024,9.28,9.46,8.9,8.96,717500
NMRK,13-May-2024,10.45,10.49,10.04,10.07,1126600
NMTC,13-May-2024,1.11,1.16,1.1,1.15,56700
NN,13-May-2024,7.46,7.665,7.385,7.46,810000
NNAVW,13-May-2024,3.04,3.21,2.83,3.025,85600
NNBR,13-May-2024,3.49,3.52,3.39,3.5,114300
NNDM,13-May-2024,2.35,2.57,2.35,2.55,1802700
NNE,13-May-2024,4.78,4.78,4,4.13,619900
NNOX,13-May-2024,10.19,10.73,10.18,10.23,1026100
NODK,13-May-2024,15.5,15.9,15.49,15.62,10900
NOTV,13-May-2024,3.77,4.23,3.77,4.17,373900
NOVT,13-May-2024,162.55,165.33,161.925,162.78,162000
NPCE,13-May-2024,8.45,8.74,8.03,8.52,250400
NPFI,13-May-2024,25.321,25.321,25.321,25.321,100
NRC,13-May-2024,31.65,32.09,29.27,29.53,99500
NRDS,13-May-2024,13.91,13.925,13.62,13.67,145100
NRES,13-May-2024,28.16,28.16,28.16,28.16,100
NRIM,13-May-2024,51.9,53.3699,51.9,52.3,22000
NRIX,13-May-2024,13.69,13.98,13.55,13.94,326700
NRSN,13-May-2024,1.18,1.213,1.06,1.15,63000
NRSNW,13-May-2024,0.16,0.17,0.158,0.1601,12600
NRXP,13-May-2024,3.06,3.0872,2.87,2.99,170600
NRXPW,13-May-2024,0.0631,0.097,0.0625,0.0748,7100
NSCR,13-May-2024,26.0423,26.0423,26.0423,26.0423,100
NSI,13-May-2024,27.67,27.67,27.44,27.4656,10300
NSIT,13-May-2024,205.37,207.45,203.16,203.73,152200
NSPR,13-May-2024,2.28,2.44,2.24,2.3999,20500
NSSC,13-May-2024,44.66,45.06,43.94,44.42,368500
NSTS,13-May-2024,9.63,9.63,9.63,9.63,1700
NSYS,13-May-2024,16.11,16.11,14.9687,15.86,7900
NTAP,13-May-2024,109.02,109.29,107.89,108.15,1841800
NTCT,13-May-2024,20.43,20.705,20.22,20.37,525500
NTES,13-May-2024,99.16,101.22,98.62,99.49,2467300
NTGR,13-May-2024,12.08,12.44,12.08,12.08,311500
NTIC,13-May-2024,18.85,18.87,17.05,17.05,85100
NTLA,13-May-2024,25.01,26.74,24.93,25.42,1697900
NTNX,13-May-2024,67.71,68,65.33,65.59,1357600
NTRA,13-May-2024,105.1,105.755,102,103.33,1679500
NTRB,13-May-2024,3.52,3.64,3.5,3.64,13000
NTRP,13-May-2024,2.5,2.5,2.3501,2.48,3600
NTRS,13-May-2024,87.29,87.29,85.735,85.89,641700
NTRSO,13-May-2024,21.03,21.3024,20.92,20.94,13900
NTWK,13-May-2024,2.51,2.51,2.39,2.39,16100
NUKK,13-May-2024,0.8999,0.9,0.8,0.83,59200
NUKKW,13-May-2024,0.0488,0.0488,0.0488,0.0488,100
NURO,13-May-2024,4.5,4.5831,4.35,4.54,15100
NUSB,13-May-2024,25.06,25.06,25.055,25.055,2900
NUTX,13-May-2024,0.6277,0.7,0.6277,0.699,308700
NUVL,13-May-2024,66.38,67.09,64.67,66.08,348800
NUWE,13-May-2024,0.2563,0.2599,0.2364,0.2482,2288000
NVAX,13-May-2024,9.69,13.97,9.52,13.11,123507700
NVCR,13-May-2024,16.7,18.0099,16.5,17.98,1514000
NVCT,13-May-2024,6.63,6.6869,6.31,6.35,94400
NVD,13-May-2024,4.61,4.81,4.555,4.61,4527100
NVDA,13-May-2024,904.78,909.98,885.29,903.99,28968000
NVDD,13-May-2024,11.21,11.39,11.1442,11.22,24400
NVDL,13-May-2024,39.54,39.9793,37.85,39.45,9971800
NVDS,13-May-2024,61.75,63.39,61.3101,61.79,495800
NVDU,13-May-2024,62.91,63.5,60.26,62.78,341500
NVEC,13-May-2024,76,76.29,75,75.26,19100
NVEE,13-May-2024,96.61,97.1,95.18,95.18,74100
NVFY,13-May-2024,1.95,2.18,1.95,2,13500
NVMI,13-May-2024,193,195.6,190.82,193.5,118200
NVNI,13-May-2024,1.45,1.55,1.45,1.4658,1500
NVNO,13-May-2024,4.965,5.2199,4.92,4.92,35500
NVTS,13-May-2024,4.02,4.12,3.875,3.97,3788300
NVVE,13-May-2024,0.7,0.7211,0.67,0.6998,45400
NVVEW,13-May-2024,0.0255,0.0255,0.025,0.0251,13600
NVX,13-May-2024,2.29,2.29,2.2,2.22,18400
NWBI,13-May-2024,11.2,11.3,11.16,11.17,529900
NWE,13-May-2024,52.07,52.16,51.62,51.86,160700
NWFL,13-May-2024,23.91,24.8182,23.91,24.17,8800
NWGL,13-May-2024,2.96,2.9836,2.8598,2.9,32300
NWL,13-May-2024,8.23,8.38,8.2,8.24,3927200
NWPX,13-May-2024,36.69,36.69,35.93,35.97,29400
NWS,13-May-2024,26,26.385,25.915,26.29,1021400
NWSA,13-May-2024,25.1888,25.555,25.09,25.46,3344600
NWTN,13-May-2024,3.99,5,3.99,4.15,315700
NWTNW,13-May-2024,0.064,0.21,0.064,0.0651,72700
NXGL,13-May-2024,2.29,2.29,2.2,2.245,12500
NXGLW,13-May-2024,0.38,0.4945,0.38,0.4502,800
NXL,13-May-2024,1.26,1.28,1.19,1.238,37500
NXLIW,13-May-2024,0.0757,0.0757,0.0502,0.0502,1300
NXPI,13-May-2024,263.99,266.63,263,263.93,1395200
NXPL,13-May-2024,1.26,1.3299,1.2,1.225,74300
NXST,13-May-2024,177.38,178,173.775,174.21,354900
NXT,13-May-2024,42.76,44.83,42.76,43.07,3833900
NXTC,13-May-2024,1.7,1.7,1.56,1.6,56000
NXTG,13-May-2024,77.69,77.83,77.57,77.8,4000
NXTT,13-May-2024,4.26,5.3999,4.2381,5.03,172700
NXU,13-May-2024,0.439,0.447,0.399,0.416,1098600
NYAX,13-May-2024,29.92,30.8299,28.76,29.15,6200
NYMT,13-May-2024,6.19,6.225,6.1,6.14,607100
NYMTL,13-May-2024,19.9,20.0379,19.7019,20.0379,2800
NYMTM,13-May-2024,23.48,23.7,23.48,23.6498,4800
NYMTN,13-May-2024,20.75,20.82,20.75,20.82,900
NYMTZ,13-May-2024,18.46,18.5201,18.45,18.48,10100
NYXH,13-May-2024,8.23,9.4359,8.23,8.85,41200
NZAC,13-May-2024,33.94,33.94,33.7406,33.79,2400
NZUS,13-May-2024,28.945,28.9498,28.945,28.9498,100
OABI,13-May-2024,4.7,4.76,4.46,4.48,601100
OABIW,13-May-2024,0.58,0.58,0.5077,0.579,17800
OAKU,13-May-2024,10.8,10.8,10.78,10.78,700
OB,13-May-2024,4.5,4.52,4.44,4.47,138600
OBIL,13-May-2024,49.77,49.7799,49.753,49.77,25300
OBIO,13-May-2024,4.78,4.82,4.5,4.6,25400
OBLG,13-May-2024,0.1149,0.115,0.1082,0.1095,453100
OBT,13-May-2024,50.35,50.49,48.76,48.76,4800
OCC,13-May-2024,2.94,2.95,2.77,2.77,10600
OCCI,13-May-2024,7.45,7.49,7.39,7.415,188000
OCCIN,13-May-2024,23.24,23.29,23.23,23.29,2600
OCCIO,13-May-2024,24.11,24.16,24.0001,24.0001,5300
OCEA,13-May-2024,1.55,1.6199,1.44,1.52,193200
OCEAW,13-May-2024,0.082,0.09,0.082,0.09,1600
OCFC,13-May-2024,15.84,15.89,15.58,15.58,122800
OCFCP,13-May-2024,24.4992,24.6,24.4992,24.6,2300
OCG,13-May-2024,1.41,1.4712,1.3,1.4,13800
OCGN,13-May-2024,1.64,1.83,1.6316,1.81,10186500
OCS,13-May-2024,12.1,12.4,12,12.07,19700
OCSL,13-May-2024,19.38,19.39,19.24,19.3,609800
OCTO,13-May-2024,0.6462,0.6778,0.6448,0.6778,63300
OCUL,13-May-2024,5.68,5.93,5.56,5.64,2314800
OCX,13-May-2024,2.8899,2.9,2.7859,2.885,27400
ODD,13-May-2024,36.38,39.17,36.38,39.11,877700
ODDS,13-May-2024,22.01,22.3,21.98,22.26,16100
ODFL,13-May-2024,185.3,185.91,181.868,182.02,1522400
ODP,13-May-2024,41.02,43,40.88,41.76,630400
ODVWZ,13-May-2024,0.52,0.52,0.5,0.5,6200
OESX,13-May-2024,0.85,0.85,0.8401,0.841,7900
OFIX,13-May-2024,14.79,15.1,14.6101,15.08,290900
OFLX,13-May-2024,66.93,66.93,65.89,66.13,7100
OFS,13-May-2024,9.64,9.64,9.43,9.45,57800
OGI,13-May-2024,1.78,1.87,1.76,1.84,1467200
OKTA,13-May-2024,98,99.24,97.42,98.4,1523100
OKYO,13-May-2024,1.49,1.49,1.3571,1.48,9100
OLB,13-May-2024,4.64,5.05,4.24,4.9,67000
OLED,13-May-2024,171.88,173.839,171,172.98,184700
OLLI,13-May-2024,78.21,79.79,74.25,74.5,1103400
OLMA,13-May-2024,9.39,9.79,9.165,9.22,669100
OLPX,13-May-2024,1.58,1.63,1.54,1.56,1647800
OM,13-May-2024,3.1,3.6195,3.05,3.1,1162200
OMAB,13-May-2024,88.69,89.5299,88.36,88.36,9900
OMCL,13-May-2024,30.35,31.4,30.27,30.8,465700
OMER,13-May-2024,3.54,3.75,3.5,3.75,138300
OMEX,13-May-2024,4.15,4.3,4.06,4.3,60900
OMGA,13-May-2024,1.98,2.52,1.98,2.355,742100
OMH,13-May-2024,0.49,0.5098,0.4819,0.4952,243900
OMIC,13-May-2024,0.427,0.451,0.4105,0.428,84000
ON,13-May-2024,71.29,73.06,71.01,72.33,4431600
ONB,13-May-2024,17.53,17.625,17.31,17.34,1373100
ONBPO,13-May-2024,25.05,25.6065,24.95,25.05,5100
ONBPP,13-May-2024,24.42,25.128,24.42,24.6162,8500
ONCO,13-May-2024,0.1061,0.115,0.104,0.1134,139200
ONCY,13-May-2024,1.17,1.205,1.15,1.17,159700
ONDS,13-May-2024,0.7806,0.8499,0.7649,0.8443,182000
ONEQ,13-May-2024,64.59,64.645,64.36,64.59,132500
ONEW,13-May-2024,24.64,25.86,24.64,25.47,70300
ONFO,13-May-2024,0.57,0.5887,0.511,0.55,181800
ONFOW,13-May-2024,0.045,0.053,0.04,0.053,2000
ONMD,13-May-2024,0.51,0.5398,0.5,0.52,62500
ONVO,13-May-2024,0.94,0.951,0.9,0.951,85500
OP,13-May-2024,2.53,2.65,2.53,2.61,10700
OPAL,13-May-2024,5.07,5.09,4.52,4.88,160800
OPBK,13-May-2024,9.88,9.91,9.81,9.81,13800
OPCH,13-May-2024,30.38,30.61,30.04,30.09,738200
OPEN,13-May-2024,2.37,2.51,2.35,2.48,18461100
OPHC,13-May-2024,4.4,4.4,4.325,4.33,12100
OPI,13-May-2024,2.19,2.375,2.17,2.31,765100
OPINL,13-May-2024,10.75,10.955,10.75,10.9,9800
OPK,13-May-2024,1.28,1.31,1.26,1.26,2245000
OPOF,13-May-2024,13.9,14.5299,13.9,14.5299,700
OPRA,13-May-2024,13.9,14.06,13.805,14,466500
OPRT,13-May-2024,4.48,4.6,4.31,4.36,348600
OPRX,13-May-2024,10.94,10.99,10.34,10.54,91700
OPT,13-May-2024,3.68,3.76,3.65,3.67,26700
OPTN,13-May-2024,1.25,1.25,1.15,1.17,660100
OPTX,13-May-2024,3.24,3.55,3,3,9100
OPTXW,13-May-2024,0.1798,0.18,0.1797,0.18,5000
OPTZ,13-May-2024,26.32,26.32,26.2344,26.2344,236400
OPXS,13-May-2024,7.94,8.05,7.7801,7.92,31600
ORGN,13-May-2024,1.15,1.27,1.1113,1.17,2469500
ORGNW,13-May-2024,0.0749,0.0749,0.0605,0.0662,29000
ORGO,13-May-2024,2.97,3.04,2.85,2.96,2976600
ORIC,13-May-2024,9.08,9.385,8.7,8.97,425100
ORLY,13-May-2024,1026.26,1026.26,1008.042,1012.75,478100
ORMP,13-May-2024,2.4,2.46,2.38,2.41,62600
ORRF,13-May-2024,26.9,26.9,26.4,26.55,63700
OSBC,13-May-2024,14.67,14.81,14.555,14.62,188800
OSIS,13-May-2024,137.6,138.98,135.86,136.19,69300
OSPN,13-May-2024,12.03,12.22,11.94,12,456600
OSS,13-May-2024,2.72,2.7693,2.36,2.37,148100
OST,13-May-2024,0.422,0.439,0.4103,0.4257,20500
OSUR,13-May-2024,4.83,5.2,4.83,5.16,1100400
OSW,13-May-2024,14.85,14.85,14.69,14.76,351500
OTEX,13-May-2024,30.42,30.89,30.35,30.61,836300
OTLK,13-May-2024,7.57,8.13,7.5,7.54,400700
OTLY,13-May-2024,1.24,1.3,1.23,1.27,1159600
OTRK,13-May-2024,0.2825,0.3144,0.2725,0.2796,630600
OTTR,13-May-2024,93.52,93.82,92.06,92.43,133300
OVBC,13-May-2024,23.4,23.45,23.4,23.4,1000
OVID,13-May-2024,3,3.04,2.9881,3.02,69500
OVLY,13-May-2024,23.81,25,23.79,25,41100
OXBR,13-May-2024,1.35,1.448,1.32,1.32,11300
OXLC,13-May-2024,5.25,5.28,5.22,5.24,2051800
OXLCL,13-May-2024,24,24.04,23.91,24.03,6600
OXLCN,13-May-2024,23.831,23.95,23.831,23.8895,1400
OXLCO,13-May-2024,22.46,22.47,22.46,22.47,1000
OXLCP,13-May-2024,23.6651,23.6651,23.5401,23.5401,6200
OXLCZ,13-May-2024,23.17,23.24,23.04,23.24,4900
OXSQ,13-May-2024,3.24,3.27,3.2198,3.23,304000
OXSQG,13-May-2024,22.42,22.42,22.42,22.42,200
OXSQZ,13-May-2024,24,24.29,24,24.03,1600
OZK,13-May-2024,48.14,48.51,48.06,48.2,723700
OZKAP,13-May-2024,16.99,17,16.6,16.98,10700
PAA,13-May-2024,17.75,17.82,17.28,17.35,1969400
PABD,13-May-2024,53.4521,53.4521,53.4521,53.4521,0
PABU,13-May-2024,56.49,56.51,56.2901,56.31,5800
PACB,13-May-2024,1.81,2.17,1.78,1.93,17024100
PAGP,13-May-2024,18.59,18.63,18.15,18.17,1935000
PAHC,13-May-2024,17.99,18.61,17.61,18.11,161900
PAL,13-May-2024,15.25,15.25,14.9594,15.03,161700
PALI,13-May-2024,6.71,6.71,6,6.22,22300
PALT,13-May-2024,3.1201,3.24,3.1201,3.2101,3500
PANL,13-May-2024,8,8.15,7.66,7.79,387600
PANW,13-May-2024,302,304.66,298.95,302.25,2086900
PARA,13-May-2024,13.05,13.4,12.98,13.01,8930500
PARAA,13-May-2024,22.31,22.7,22.04,22.14,27300
PASG,13-May-2024,1.49,1.55,1.4412,1.48,32300
PATK,13-May-2024,115.91,115.985,112.53,113,134500
PAVM,13-May-2024,2.14,2.1795,1.85,1.92,54300
PAVMZ,13-May-2024,0.0462,0.0498,0.0331,0.0498,1600
PAVS,13-May-2024,1.1,1.1012,1.01,1.01,1300
PAX,13-May-2024,12.98,13,12.91,12.92,290900
PAYO,13-May-2024,5.74,5.78,5.68,5.75,3821600
PAYS,13-May-2024,4.91,4.91,4.69,4.74,174300
PAYX,13-May-2024,122.97,124.8804,122.94,124.77,1685900
PBFS,13-May-2024,9.29,9.29,9.12,9.2,3000
PBHC,13-May-2024,12.26,12.43,12.26,12.355,1500
PBM,13-May-2024,1.07,1.07,0.95,0.9649,85600
PBMWW,13-May-2024,0.0629,0.064,0.0458,0.0485,11400
PBPB,13-May-2024,8.9,9.01,8.69,8.71,251200
PBYI,13-May-2024,4.84,5.14,4.8308,5.135,321400
PCAR,13-May-2024,109.78,109.83,106.24,106.85,2504500
PCB,13-May-2024,15.51,15.585,15.21,15.3,15800
PCH,13-May-2024,43.58,44.06,43.58,44.03,358100
PCRX,13-May-2024,29.79,30.82,29.79,30.38,1242900
PCSA,13-May-2024,2.19,2.29,2.14,2.22,48000
PCT,13-May-2024,4.94,5.32,4.89,5.28,2585300
PCTTW,13-May-2024,1.2076,1.35,1.2076,1.32,13800
PCTY,13-May-2024,165.04,172.63,164.59,166.94,1023400
PCVX,13-May-2024,65.1,65.77,64.76,65.7,491900
PCYO,13-May-2024,9.88,9.88,9.5,9.62,37100
PDBA,13-May-2024,35.16,35.31,33.81,33.86,17800
PDBC,13-May-2024,14.09,14.18,14.09,14.17,1597300
PDCO,13-May-2024,25.51,25.846,25.42,25.56,1346600
PDD,13-May-2024,139.41,143,137.77,140.52,9728200
PDEX,13-May-2024,18.65,19.24,18.65,18.91,9000
PDFS,13-May-2024,34.62,34.76,33.47,33.67,195600
PDLB,13-May-2024,8.7,8.78,8.61,8.61,14400
PDP,13-May-2024,97.09,97.09,95.79,95.79,6800
PDSB,13-May-2024,3.52,3.66,3.4101,3.59,686200
PDYN,13-May-2024,1.33,1.4491,1.29,1.32,165400
PDYNW,13-May-2024,0.066,0.08,0.066,0.08,18100
PEBK,13-May-2024,30.98,30.98,30.75,30.75,7500
PEBO,13-May-2024,30.67,30.67,30.32,30.4,57600
PECO,13-May-2024,32.98,33.15,32.86,32.87,485400
PEGA,13-May-2024,61.79,63,61.75,62.13,436700
PENN,13-May-2024,15.51,16.35,15.51,15.86,4554100
PEP,13-May-2024,180.51,181.35,179.85,180.9,4408000
PEPG,13-May-2024,14.29,14.8157,13.13,13.3,33400
PERI,13-May-2024,11.9,12.7,11.88,12.28,842300
PESI,13-May-2024,12.39,12.74,12.13,12.22,77800
PET,13-May-2024,2.43,2.46,2.17,2.26,56700
PETS,13-May-2024,4.11,4.71,4.11,4.65,729200
PETWW,13-May-2024,0.17,0.17,0.17,0.17,1100
PETZ,13-May-2024,1.09,1.15,1.09,1.1101,17900
PEV,13-May-2024,0.49,0.55,0.4555,0.485,129200
PEY,13-May-2024,20.53,20.7,20.52,20.54,201000
PEZ,13-May-2024,94.405,94.405,93.6222,93.6222,2000
PFBC,13-May-2024,79.22,79.22,78.32,78.33,36400
PFC,13-May-2024,21.4,21.56,21.03,21.05,95400
PFF,13-May-2024,31.42,31.55,31.41,31.43,2931100
PFG,13-May-2024,84.26,84.75,83.85,83.92,621300
PFI,13-May-2024,49.07,49.07,48.52,48.52,1500
PFIE,13-May-2024,1.48,1.495,1.4,1.4,470400
PFIS,13-May-2024,37.5,38.985,37.5,37.5,8500
PFM,13-May-2024,42.46,42.5118,42.31,42.3153,18300
PFX,13-May-2024,45.5,46.75,45.37,45.5,13000
PFXNZ,13-May-2024,22,22.5,22,22.5,1600
PGC,13-May-2024,23.18,23.62,23.075,23.29,190500
PGEN,13-May-2024,1.27,1.37,1.27,1.35,1416100
PGJ,13-May-2024,26.87,27.6275,26.87,27.47,53900
PGNY,13-May-2024,27.74,28.18,26.71,27.4,2054500
PGY,13-May-2024,12.8,12.8,11.845,11.94,1047500
PGYWW,13-May-2024,0.1151,0.1151,0.115,0.1151,3000
PHAR,13-May-2024,9.59,9.62,9.34,9.34,1400
PHAT,13-May-2024,9.54,9.9986,9.39,9.67,600500
PHIO,13-May-2024,0.7009,0.7009,0.6512,0.6922,85800
PHO,13-May-2024,68.37,68.37,67.72,67.72,103200
PHUN,13-May-2024,6.75,7.5899,6.7301,7.08,519800
PHVS,13-May-2024,21.68,22.135,20.75,21.17,22500
PI,13-May-2024,163.39,164.18,159.05,159.82,458200
PID,13-May-2024,18.85,18.85,18.725,18.735,56400
PIE,13-May-2024,21.44,21.45,21.35,21.45,8000
PIII,13-May-2024,0.69,0.69,0.63,0.6301,129200
PIIIW,13-May-2024,0.0565,0.0875,0.05,0.05,13000
PIK,13-May-2024,3.7,3.74,3.45,3.45,34100
PINC,13-May-2024,19.61,19.945,19.535,19.71,1470400
PIO,13-May-2024,42.99,43.04,42.79,42.88,6500
PIZ,13-May-2024,34.72,34.74,34.64,34.65,1900
PKBK,13-May-2024,16.99,17.09,16.8,17.03,25000
PKOH,13-May-2024,27.28,27.65,26.35,26.35,20300
PKW,13-May-2024,105.54,105.54,104.715,104.87,5700
PLAB,13-May-2024,29.14,29.3799,28.9274,29,172500
PLAY,13-May-2024,54.39,56.3075,54.06,55.4,1298400
PLBC,13-May-2024,35.22,35.22,34.975,35.09,4300
PLBY,13-May-2024,0.9,0.9899,0.9,0.9397,303200
PLCE,13-May-2024,11.15,13.46,11.15,11.47,1203300
PLL,13-May-2024,13.45,15.1,13.4,14.295,687600
PLMJ,13-May-2024,10.77,10.8,10.77,10.795,1200
PLMJU,13-May-2024,10.61,10.61,10.61,10.61,100
PLMR,13-May-2024,83.98,84.32,83.11,83.12,204500
PLPC,13-May-2024,131.83,133.72,129.84,129.84,12300
PLRX,13-May-2024,14.02,14.6,13.5,13.67,392300
PLSE,13-May-2024,7.44,7.55,7.11,7.15,272500
PLTK,13-May-2024,8.64,8.82,8.63,8.74,1300700
PLUG,13-May-2024,2.62,2.96,2.58,2.89,51034600
PLUR,13-May-2024,5.82,6.25,5.82,6.22,12100
PLUS,13-May-2024,80.13,80.32,79.0101,79.36,111300
PLXS,13-May-2024,108.5,108.5,107.12,107.21,66800
PLYA,13-May-2024,8.76,8.83,8.49,8.51,1119100
PMCB,13-May-2024,2.18,2.18,2.08,2.09,3300
PMEC,13-May-2024,0.6906,0.72,0.6906,0.699,85400
PMN,13-May-2024,1.94,2.0108,1.92,2,2800
PMTS,13-May-2024,22.09,24.48,22.06,22.85,49500
PMVP,13-May-2024,2.16,2.26,2.1,2.13,565300
PNFP,13-May-2024,84.14,84.14,83.08,83.42,234300
PNFPP,13-May-2024,23.33,23.44,23.29,23.3501,12500
PNQI,13-May-2024,39.55,39.57,39.38,39.5418,59600
PNRG,13-May-2024,104.565,104.565,103.5,103.5,1800
PNTG,13-May-2024,22.65,23.505,22.6,23.39,241900
POAI,13-May-2024,1.77,1.77,1.6,1.67,187800
POCI,13-May-2024,6.16,6.16,6.16,6.16,300
PODC,13-May-2024,1.83,1.84,1.811,1.84,9300
PODD,13-May-2024,166,170.49,160.23,161.02,1750400
POET,13-May-2024,2.3,2.37,2.11,2.18,668300
POLA,13-May-2024,0.42,0.43,0.395,0.4141,171100
POOL,13-May-2024,377.76,378.62,372.05,373.09,231300
POWI,13-May-2024,76.24,77.62,76.06,76.7,489700
POWL,13-May-2024,169.89,171.07,159.745,160.42,302200
POWW,13-May-2024,2.46,2.52,2.42,2.42,286200
POWWP,13-May-2024,26.0701,26.0701,26.0701,26.0701,300
PPBI,13-May-2024,23.45,23.4599,22.89,22.98,454900
PPBT,13-May-2024,0.55,0.55,0.501,0.52,66100
PPC,13-May-2024,37.17,37.92,36.96,37.78,577700
PPH,13-May-2024,89.55,89.84,89.55,89.79,77400
PPIH,13-May-2024,9.04,9.24,8.97,9.06,8800
PPSI,13-May-2024,3.97,4.0997,3.97,4.01,45600
PPTA,13-May-2024,5.5,5.5878,5.27,5.46,109400
PPYA,13-May-2024,11.6,12.1,11.5,11.55,2100
PRAA,13-May-2024,26.76,27.2,26.145,26.77,336300
PRAX,13-May-2024,47.11,48.235,43.85,45.19,363600
PRCH,13-May-2024,3.14,3.1815,2.77,2.77,1354500
PRCT,13-May-2024,63.02,64.6638,63,63.5,453600
PRDO,13-May-2024,23.94,24.07,23.61,23.87,343800
PRE,13-May-2024,5.83,6.22,5.73,6.22,21700
PRFX,13-May-2024,0.8106,0.855,0.7999,0.82,64100
PRFZ,13-May-2024,39.02,39.25,38.92,38.93,39600
PRGS,13-May-2024,51.29,51.55,50.76,50.86,162100
PRLD,13-May-2024,3.76,3.95,3.75,3.8,21600
PRME,13-May-2024,5.88,6.83,5.88,6.42,1408500
PRN,13-May-2024,139.61,139.61,137.12,137.12,5600
PROC,13-May-2024,2.71,2.76,2.62,2.7501,2100
PROF,13-May-2024,7.75,7.86,7.65,7.65,28200
PROK,13-May-2024,2.9,3.23,2.8657,3.08,488200
PROP,13-May-2024,13.85,14.03,13.6074,13.78,51400
PROV,13-May-2024,12.69,12.69,12.69,12.69,500
PRPH,13-May-2024,5.05,5.29,5.05,5.29,48000
PRPL,13-May-2024,1.53,1.56,1.46,1.46,398900
PRPO,13-May-2024,6.03,6.3,6.03,6.28,2000
PRQR,13-May-2024,1.96,2,1.94,1.98,80500
PRSO,13-May-2024,1.44,1.59,1.44,1.55,232400
PRTA,13-May-2024,21.53,21.8302,20.65,20.71,745600
PRTC,13-May-2024,28.205,28.205,27.5202,27.5202,1200
PRTG,13-May-2024,0.25,0.318,0.2301,0.2699,629300
PRTH,13-May-2024,3.69,3.74,3.59,3.64,48600
PRTS,13-May-2024,1.05,1.14,1.05,1.1,1284200
PRVA,13-May-2024,18.22,18.565,17.89,17.99,825800
PRZO,13-May-2024,0.73,0.736,0.715,0.7285,134200
PSC,13-May-2024,48.83,48.83,48.51,48.51,36200
PSCC,13-May-2024,36.84,37.21,36.84,37,5100
PSCD,13-May-2024,105.5922,105.5922,105.5922,105.5922,100
PSCE,13-May-2024,54.67,54.67,54.23,54.36,8000
PSCF,13-May-2024,48.2679,48.2679,48.2679,48.2679,200
PSCH,13-May-2024,43.09,43.35,43.09,43.13,7200
PSCI,13-May-2024,125,125,123.51,123.57,2900
PSCM,13-May-2024,78.85,78.85,78.1906,78.1906,100
PSCT,13-May-2024,46.95,46.95,46.4803,46.495,13100
PSCU,13-May-2024,52.2378,52.2378,52.2378,52.2378,100
PSEC,13-May-2024,5.5,5.5,5.4101,5.47,1251400
PSET,13-May-2024,66.37,66.37,66.02,66.02,1100
PSHG,13-May-2024,2.18,2.19,2.13,2.16,35300
PSL,13-May-2024,99.05,99.05,98.9175,98.9175,2300
PSMT,13-May-2024,85.6,86.05,84.73,84.84,97100
PSNL,13-May-2024,1.56,1.63,1.53,1.54,260700
PSNY,13-May-2024,1.31,1.35,1.29,1.34,2464500
PSNYW,13-May-2024,0.15,0.15,0.14,0.15,46100
PSTR,13-May-2024,25.55,25.55,25.48,25.4912,7300
PSTV,13-May-2024,2.3,2.3,2.12,2.16,39500
PSTX,13-May-2024,2.67,2.84,2.67,2.81,238800
PSWD,13-May-2024,29.29,29.3353,29.29,29.31,600
PT,13-May-2024,1.06,1.08,1.05,1.08,107600
PTC,13-May-2024,180.82,181.38,178.05,179.12,653700
PTCT,13-May-2024,32.25,33.26,31.48,31.7,922300
PTEC,13-May-2024,31.43,31.43,31.43,31.43,100
PTEN,13-May-2024,11,11.18,10.9,10.94,6057000
PTF,13-May-2024,57.33,57.43,57.0587,57.09,20800
PTGX,13-May-2024,28.5,29.86,28.5,29.32,541000
PTH,13-May-2024,41.99,41.99,41.594,41.64,4900
PTIXW,13-May-2024,0.026,0.026,0.026,0.026,3200
PTLO,13-May-2024,10.17,10.25,9.99,9.99,1535700
PTMN,13-May-2024,19.95,20,19.77,19.84,36300
PTNQ,13-May-2024,68.83,68.83,68.67,68.73,26200
PTON,13-May-2024,4.33,4.54,4.19,4.19,18754200
PTPI,13-May-2024,0.63,0.635,0.61,0.6169,158900
PTVE,13-May-2024,13.33,13.45,13.24,13.35,200400
PUBM,13-May-2024,22.49,23.28,22.49,22.74,423800
PUI,13-May-2024,36.08,36.1624,35.91,35.91,3500
PULM,13-May-2024,1.85,1.85,1.76,1.78,3400
PVBC,13-May-2024,9.35,9.46,9.35,9.35,21500
PWM,13-May-2024,1.07,1.0977,1.02,1.03,10600
PWOD,13-May-2024,19.25,19.25,18.84,19.17,22300
PWP,13-May-2024,15.24,15.27,14.91,14.96,473800
PWUP,13-May-2024,11.2,11.2,11.2,11.2,1600
PWUPU,13-May-2024,10.93,11.2,10.89,11.2,3000
PXI,13-May-2024,47.6361,47.7683,47.6361,47.69,1900
PXLW,13-May-2024,1.83,1.89,1.78,1.815,289000
PXS,13-May-2024,4.96,4.98,4.925,4.98,21600
PY,13-May-2024,45.72,45.73,45.53,45.53,5200
PYCR,13-May-2024,14.58,14.65,14.15,14.16,1585200
PYPL,13-May-2024,63.435,64.43,63.19,63.95,7311600
PYXS,13-May-2024,4.3,4.48,4.16,4.29,278800
PYZ,13-May-2024,92.2865,92.2865,91.7363,91.7363,7800
PZZA,13-May-2024,53.58,53.76,51.82,52.27,1669300
QABA,13-May-2024,46.92,47.02,46.55,46.5829,9300
QAT,13-May-2024,17.32,17.32,17.24,17.24,1400
QCLN,13-May-2024,34.22,35.08,34.22,34.57,214100
QCLR,13-May-2024,28.21,28.21,28.21,28.21,100
QCOM,13-May-2024,183.18,184.725,182.9,184.21,6384800
QCRH,13-May-2024,59.79,59.79,58.21,58.38,30800
QDEL,13-May-2024,42.72,43.13,42.07,42.11,675300
QETA,13-May-2024,10.26,10.26,10.26,10.26,37000
QFIN,13-May-2024,20.88,21.26,20.72,20.98,704900
QH,13-May-2024,0.54,0.618,0.5306,0.5501,390800
QIPT,13-May-2024,4,4.08,3.965,4.04,92300
QLGN,13-May-2024,0.2746,0.2897,0.26,0.2695,118300
QLYS,13-May-2024,151.17,151.51,148.61,148.8,419000
QMCO,13-May-2024,0.531,0.5799,0.5112,0.5321,185300
QMID,13-May-2024,26.8,26.82,26.7191,26.7191,700
QMOM,13-May-2024,59.45,59.45,58.46,58.58,11200
QNCX,13-May-2024,0.9215,0.95,0.9,0.9197,59200
QNRX,13-May-2024,0.75,0.79,0.717,0.7894,61900
QNST,13-May-2024,18.59,18.6,17.81,17.95,490400
QOWZ,13-May-2024,28.4002,28.4002,28.3263,28.3263,200
QQEW,13-May-2024,121.13,121.24,120.68,120.88,50700
QQJG,13-May-2024,21.78,21.787,21.63,21.63,500
QQMG,13-May-2024,30.34,30.34,30.24,30.28,3900
QQQ,13-May-2024,443.99,444.09,441.65,443.08,22994100
QQQA,13-May-2024,42.64,42.64,42.45,42.48,1000
QQQE,13-May-2024,87.11,87.3259,86.8,86.97,158400
QQQI,13-May-2024,50.41,50.41,50.216,50.3,159600
QQQJ,13-May-2024,27.92,28.0101,27.8042,27.83,66500
QQQM,13-May-2024,182.69,182.73,181.77,182.34,1291300
QQQS,13-May-2024,25.6,25.8867,25.6,25.65,2200
QQQX,13-May-2024,23.74,23.75,23.6,23.6,69300
QQQY,13-May-2024,14.8,14.85,14.8,14.84,313500
QQXT,13-May-2024,89.07,89.28,88.755,88.855,3900
QRHC,13-May-2024,9.64,10.48,9.64,9.9,118400
QRMI,13-May-2024,16.99,16.99,16.9,16.965,8100
QRTEA,13-May-2024,0.701,0.8678,0.6969,0.83,15291100
QRTEB,13-May-2024,4.29,4.298,4.01,4.05,1700
QRTEP,13-May-2024,49.2,49.98,49.04,49.85,41600
QRVO,13-May-2024,98,99.3,97.92,98.35,1113400
QSG,13-May-2024,3.32,3.42,3.06,3.09,84700
QSI,13-May-2024,1.69,1.8,1.67,1.72,625400
QSIAW,13-May-2024,0.2014,0.2015,0.185,0.19,20900
QSML,13-May-2024,25.4816,25.4816,25.4816,25.4816,0
QTEC,13-May-2024,185.61,186.05,185.27,185.67,42700
QTI,13-May-2024,0.84,0.89,0.7903,0.85,58000
QTR,13-May-2024,27.88,27.88,27.88,27.88,400
QTRX,13-May-2024,16.95,17.505,16.84,16.86,309100
QTTB,13-May-2024,27.13,27.9,26.72,27.75,23100
QUBT,13-May-2024,0.7959,0.7974,0.7105,0.7551,1125800
QUIK,13-May-2024,12.61,12.83,12.3,12.56,419000
QURE,13-May-2024,4.93,5.1,4.855,4.88,410100
QVAL,13-May-2024,44.14,44.15,43.908,43.9659,41700
QYLD,13-May-2024,17.65,17.6588,17.64,17.65,3106100
QYLE,13-May-2024,26.16,26.16,26.16,26.16,100
QYLG,13-May-2024,30.28,30.28,30.22,30.24,8900
RAIL,13-May-2024,3.53,3.671,3.46,3.48,55700
RAND,13-May-2024,14.69,15.25,14.3501,14.7701,5100
RANI,13-May-2024,6.36,6.9,6.11,6.11,60600
RAPT,13-May-2024,4.33,4.48,4.31,4.4,1074200
RARE,13-May-2024,40.99,41.97,40.59,40.96,440600
RAVE,13-May-2024,1.8,1.89,1.8,1.89,17500
RAYA,13-May-2024,0.6401,0.72,0.6401,0.6776,49500
RAYS,13-May-2024,11.15,11.19,11.14,11.19,900
RBB,13-May-2024,18.75,18.8488,18.52,18.53,24300
RBBN,13-May-2024,3.16,3.245,3.13,3.13,243100
RBCAA,13-May-2024,53.79,53.99,53.14,53.14,16000
RBKB,13-May-2024,7.52,7.71,7.52,7.7,2000
RCAT,13-May-2024,1.19,1.21,1.13,1.14,582200
RCEL,13-May-2024,8.27,8.75,8.27,8.35,239500
RCKT,13-May-2024,22.92,23.405,22.83,23.09,363400
RCKY,13-May-2024,34.1,36.28,34.1,35.3,75800
RCMT,13-May-2024,20.53,21.8005,20.53,21.59,89100
RCON,13-May-2024,1.76,1.8684,1.76,1.7884,101700
RDCM,13-May-2024,9.25,9.46,9.25,9.4,10300
RDFN,13-May-2024,7.3,8.17,7.3,8,7823700
RDHL,13-May-2024,0.46,0.4637,0.45,0.4637,149500
RDI,13-May-2024,1.7,1.75,1.7,1.75,1000
RDNT,13-May-2024,55.27,55.75,54.16,55.72,549200
RDUS,13-May-2024,18.51,18.97,18.51,18.53,144600
RDVT,13-May-2024,20.65,21.7,20.65,21,69000
RDVY,13-May-2024,55.51,55.52,55.09,55.1,656800
RDWR,13-May-2024,19.3,20.12,19.3,19.67,276300
RDZN,13-May-2024,3.2,3.6505,3.15,3.53,60800
RDZNW,13-May-2024,0.08,0.08,0.08,0.08,100
REAI,13-May-2024,19.6006,19.6006,19.6006,19.6006,100
REAL,13-May-2024,4.19,4.5,4.18,4.41,3582100
REAX,13-May-2024,4.8,4.9,4.71,4.81,513300
REBN,13-May-2024,3.38,3.9,3.2701,3.41,906000
REE,13-May-2024,4.27,4.66,4.27,4.46,32300
REFI,13-May-2024,15.87,15.87,15.68,15.74,58200
REFR,13-May-2024,2.07,2.2,1.9101,2.09,100900
REG,13-May-2024,59.9,59.96,59.52,59.8,1009200
REGCO,13-May-2024,22.415,22.415,22.15,22.16,1600
REGCP,13-May-2024,22.94,23.05,22.9,22.9,600
REGN,13-May-2024,980,982.58,970.99,976.96,284300
REIT,13-May-2024,24.99,25.1,24.955,25.05,2200
REKR,13-May-2024,1.71,1.71,1.62,1.64,1898600
RELI,13-May-2024,0.267,0.267,0.2581,0.2598,103300
RELIW,13-May-2024,0.0571,0.0571,0.0571,0.0571,100
RELL,13-May-2024,10.5,10.64,10.315,10.48,92400
RELY,13-May-2024,14.52,14.59,14.225,14.29,3053100
RENB,13-May-2024,1.2,1.28,1.1,1.16,236000
RENE,13-May-2024,11.23,11.23,11.22,11.22,5200
RENT,13-May-2024,17.76,23.4,17.75,19.97,687600
REPL,13-May-2024,6.46,6.84,6.34,6.59,408100
RETO,13-May-2024,1.3,1.444,1.3,1.41,56900
REVB,13-May-2024,2.04,2.091,1.7893,1.84,135200
REVBW,13-May-2024,0.0198,0.0198,0.0198,0.0198,1100
REYN,13-May-2024,29.36,29.45,28.885,29.02,465300
RFAC,13-May-2024,10.98,10.98,10.955,10.98,3600
RFDI,13-May-2024,65.17,65.19,65.01,65.06,2000
RFEM,13-May-2024,64.41,64.41,64.41,64.41,400
RFEU,13-May-2024,65.9,65.94,65.59,65.59,1300
RFIL,13-May-2024,2.88,3.0107,2.88,2.94,1400
RGC,13-May-2024,5.04,5.94,5.04,5.5,1200
RGCO,13-May-2024,20.7223,20.825,20.4,20.45,6500
RGEN,13-May-2024,166.8,169.62,163.065,163.34,391100
RGF,13-May-2024,0.44,0.469,0.35,0.361,1488100
RGLD,13-May-2024,127.36,127.56,125.17,126.45,231000
RGLS,13-May-2024,2.21,2.28,2.03,2.09,543800
RGNX,13-May-2024,15.72,16.32,15.42,15.74,483900
RGP,13-May-2024,11.41,11.68,11.395,11.61,278200
RGS,13-May-2024,6.47,6.804,6.35,6.51,9000
RGTI,13-May-2024,1.2,1.35,1.19,1.27,5054800
RGTIW,13-May-2024,0.18,0.1854,0.18,0.1854,9400
RICK,13-May-2024,48.09,48.48,46.7201,48.15,119400
RIGL,13-May-2024,1,1.01,0.9519,0.9822,708800
RILY,13-May-2024,33,35.63,32.85,34.98,1014100
RILYG,13-May-2024,19.25,19.5,19.1083,19.35,7000
RILYK,13-May-2024,21.01,21.74,21.01,21.32,10000
RILYL,13-May-2024,21.155,21.375,21.155,21.375,700
RILYM,13-May-2024,24.2,24.3,24.2,24.2986,28900
RILYN,13-May-2024,20.44,21.4,20.44,21.4,19900
RILYP,13-May-2024,19.9999,20.1,19.7,19.925,16400
RILYT,13-May-2024,18.24,18.64,18.2,18.4901,9500
RILYZ,13-May-2024,17.14,17.4,17.0186,17.29,24800
RING,13-May-2024,28.24,28.44,27.89,28.05,62000
RIOT,13-May-2024,9.51,9.77,9.4,9.5,12079800
RIVN,13-May-2024,10.04,11.19,10.025,10.9,65312700
RKDA,13-May-2024,2,2.1,1.96,2.0387,2500
RKLB,13-May-2024,4.16,4.46,4.15,4.16,10483200
RLAY,13-May-2024,6.6,6.76,6.36,6.42,1170300
RLMD,13-May-2024,3.6,3.69,3.5,3.53,58200
RLYB,13-May-2024,1.84,1.91,1.77,1.78,144800
RMBI,13-May-2024,11.13,11.61,11.13,11.25,21200
RMBL,13-May-2024,5.77,6.25,5.77,6.09,112800
RMBS,13-May-2024,57.31,57.46,56.39,56.94,831300
RMCF,13-May-2024,3.5,3.57,3.49,3.49,16100
RMCO,13-May-2024,0.97,0.97,0.91,0.9172,5900
RMNI,13-May-2024,2.34,2.35,2.265,2.32,275300
RMR,13-May-2024,23.94,24.27,23.9,24.23,54400
RMTI,13-May-2024,1.63,1.71,1.6001,1.7,79000
RNA,13-May-2024,26.04,26.7,25.68,26.02,783700
RNAC,13-May-2024,21.01,22.43,21.01,21.45,25200
RNAZ,13-May-2024,1.14,1.15,0.55,0.6162,7005900
RNEM,13-May-2024,52.9,52.9,52.7279,52.83,700
RNEW,13-May-2024,23.468,23.468,23.468,23.468,100
RNRG,13-May-2024,10.33,10.36,10.2311,10.26,11500
RNW,13-May-2024,6.05,6.14,6.02,6.03,449400
RNWWW,13-May-2024,0.4,0.5475,0.4,0.5475,33400
RNXT,13-May-2024,1.37,1.44,1.36,1.41,19300
ROAD,13-May-2024,56,56.23,54.63,54.92,405900
ROBT,13-May-2024,43.13,43.7028,43.13,43.38,114300
ROCK,13-May-2024,75.19,75.19,73.9726,74.26,126600
ROE,13-May-2024,28.48,28.53,28.37,28.37,5600
ROIC,13-May-2024,12.48,12.525,12.43,12.48,533600
ROIV,13-May-2024,11.11,11.25,11.1,11.18,2272500
ROKU,13-May-2024,58.38,61.09,58.36,60.16,3744900
ROMA,13-May-2024,0.7385,0.7392,0.71,0.7106,32900
ROOT,13-May-2024,64.6,65.912,62,62.95,375000
ROP,13-May-2024,526.88,527.37,521.14,521.76,344400
ROST,13-May-2024,134.61,135.87,133.405,133.6,1946400
RPAY,13-May-2024,10.45,10.66,10.095,10.3,572100
RPD,13-May-2024,37.79,38.445,36.89,37.08,1179000
RPID,13-May-2024,0.82,0.84,0.8,0.8214,21400
RPRX,13-May-2024,28.31,28.56,28.1,28.38,2033600
RPTX,13-May-2024,3.56,3.89,3.55,3.7,301600
RR,13-May-2024,1.37,1.3999,1.29,1.34,156100
RRBI,13-May-2024,47.67,47.98,47.15,47.15,5400
RRGB,13-May-2024,7.72,7.92,7.6987,7.78,171500
RRR,13-May-2024,50.96,51.14,50.08,50.39,372800
RSLS,13-May-2024,0.17,0.175,0.1602,0.167,153500
RSSS,13-May-2024,2.88,2.895,2.84,2.84,9500
RSVR,13-May-2024,8.38,8.56,8.38,8.55,15200
RTC,13-May-2024,1.24,1.24,1.05,1.23,71700
RTH,13-May-2024,204.44,204.55,202.39,202.65,4700
RUM,13-May-2024,6.79,7.1,6.7826,6.98,1363100
RUMBW,13-May-2024,1.7,1.78,1.68,1.78,15400
RUN,13-May-2024,11.32,12.4,11.32,11.52,10570200
RUNN,13-May-2024,30.77,30.77,30.615,30.63,36700
RUSHA,13-May-2024,47.39,47.39,45.85,45.89,271200
RUSHB,13-May-2024,44.28,44.28,42.54,42.63,18600
RVMD,13-May-2024,37.52,37.92,36.8,37.17,1453200
RVMDW,13-May-2024,0.2087,0.3499,0.1532,0.3499,4900
RVNC,13-May-2024,3.4,3.6,3.225,3.32,2851900
RVPH,13-May-2024,1.88,1.99,1.68,1.7,526200
RVPHW,13-May-2024,0.33,0.33,0.2801,0.3201,18600
RVSB,13-May-2024,4.21,4.27,4.07,4.15,23600
RVSN,13-May-2024,1.08,1.08,1.03,1.05,520800
RVSNW,13-May-2024,0.0894,0.0954,0.0855,0.0856,2600
RVYL,13-May-2024,1.42,1.425,1.3,1.33,41800
RWAY,13-May-2024,11.62,11.69,11.53,11.67,773100
RWAYL,13-May-2024,25.19,25.25,25.16,25.25,6100
RWAYZ,13-May-2024,25.44,25.5202,25.43,25.5,22000
RXRX,13-May-2024,9.42,10.396,9.06,9.48,15407500
RXST,13-May-2024,60,60.49,57.54,58.79,325400
RXT,13-May-2024,2.03,2.145,1.965,2.03,1154300
RYAAY,13-May-2024,130.28,130.28,128.31,128.56,447000
RYTM,13-May-2024,39.21,40.86,38.98,40.2,407600
RZLT,13-May-2024,3.03,3.03,2.82,2.85,228200
SABR,13-May-2024,2.91,3.12,2.87,3.02,7043800
SABS,13-May-2024,4.01,4.2,3.91,4.09,12100
SABSW,13-May-2024,0.0396,0.04,0.0396,0.04,15000
SAFT,13-May-2024,83.31,84.03,81.54,81.69,35100
SAGE,13-May-2024,11.96,12.38,11.81,12.165,805100
SAIA,13-May-2024,410.94,413.28,401.53,403.02,250000
SAIC,13-May-2024,135.5,136.245,134.27,134.38,188100
SAMG,13-May-2024,15.09,15.29,14.86,15.09,66600
SANA,13-May-2024,7.67,8,7.44,7.91,1741900
SANG,13-May-2024,4.4,4.42,4.4,4.42,500
SANM,13-May-2024,65.47,65.5,64.21,64.92,284900
SANW,13-May-2024,0.417,0.43,0.39,0.3901,45200
SARK,13-May-2024,30.89,30.89,29.81,30.28,1068500
SASR,13-May-2024,23.06,23.24,22.79,22.79,253600
SATL,13-May-2024,1.45,1.4635,1.41,1.41,21300
SATS,13-May-2024,15.47,16.01,15.36,15.87,983800
SAVA,13-May-2024,20.5,21.55,20.258,20.62,592900
SBAC,13-May-2024,199.79,200,196.33,198.03,719200
SBCF,13-May-2024,24.53,24.7,24.02,24.09,289600
SBET,13-May-2024,0.96,1.03,0.9579,1,6400
SBFG,13-May-2024,13.7,13.7,13.7,13.7,2600
SBFM,13-May-2024,0.9026,0.9199,0.86,0.8711,1646600
SBFMW,13-May-2024,0.1682,0.1864,0.1321,0.17,18500
SBGI,13-May-2024,15.37,15.68,14.63,15.035,636600
SBLK,13-May-2024,25.74,25.92,25.4,25.7,1716100
SBRA,13-May-2024,14.59,14.705,14.44,14.49,1358200
SBT,13-May-2024,5.07,5.08,5.03,5.03,18800
SBUX,13-May-2024,76.22,76.84,75.8,76.18,10953500
SCHL,13-May-2024,36.12,36.35,36.04,36.07,102200
SCKT,13-May-2024,1.26,1.34,1.23,1.335,46900
SCLX,13-May-2024,0.765,0.8388,0.765,0.8049,500300
SCLXW,13-May-2024,0.22,0.22,0.214,0.214,1100
SCNI,13-May-2024,0.45,0.4699,0.4311,0.455,12300
SCOR,13-May-2024,14,14.7,13.58,13.58,14400
SCPH,13-May-2024,4.54,4.68,4.35,4.35,179700
SCSC,13-May-2024,47.39,47.57,46.425,46.81,204200
SCVL,13-May-2024,35.46,36.41,35.44,35.62,227800
SCWO,13-May-2024,1.46,1.56,1.37,1.37,50700
SCWX,13-May-2024,6.31,6.3307,6.2,6.3,94900
SCYX,13-May-2024,1.94,2.17,1.93,2.04,370200
SCZ,13-May-2024,63.72,63.795,63.55,63.66,823400
SDA,13-May-2024,7.69,7.91,7.56,7.71,287100
SDAWW,13-May-2024,0.2375,0.2375,0.2375,0.2375,1700
SDG,13-May-2024,80.43,80.6801,80.4224,80.59,6400
SDGR,13-May-2024,22.82,23.52,22.82,23.18,1010000
SDIG,13-May-2024,2.94,3.0209,2.79,2.81,140400
SDOT,13-May-2024,0.328,0.3499,0.3013,0.316,373300
SDSI,13-May-2024,50.69,50.69,50.69,50.69,100
SDVY,13-May-2024,34.72,34.72,34.35,34.37,778900
SEAT,13-May-2024,5.55,5.58,5.42,5.44,1285000
SEATW,13-May-2024,0.91,0.92,0.61,0.8,13000
SEDG,13-May-2024,49,53,48.82,52.21,3322000
SEED,13-May-2024,4.75,5.75,4.75,5.58,111800
SEER,13-May-2024,2,2.1,1.99,1.99,310900
SEIC,13-May-2024,68.64,68.64,67.76,67.79,377400
SELF,13-May-2024,5.08,5.15,5.03,5.1158,97000
SELX,13-May-2024,2.07,2.07,1.9071,1.99,15600
SENEA,13-May-2024,60.2,60.575,59.43,59.56,15200
SERA,13-May-2024,9.05,9.415,9.01,9.1,49300
SERV,13-May-2024,3.21,3.3799,3.1,3.34,429500
SETM,13-May-2024,19.44,19.52,19.25,19.3303,4600
SEVN,13-May-2024,12.8,12.9337,12.55,12.69,43900
SEZL,13-May-2024,81.23,84.54,77.4,78.1,110700
SFIX,13-May-2024,2.11,2.52,2.11,2.43,2724000
SFLO,13-May-2024,26.56,26.56,26.5306,26.5306,21500
SFM,13-May-2024,76.49,77.17,75.95,76.09,903600
SFNC,13-May-2024,18.03,18.1,17.9,17.93,315800
SFST,13-May-2024,27.69,27.69,27.04,27.5,11100
SFWL,13-May-2024,1.89,1.99,1.82,1.94,32000
SGA,13-May-2024,20.64,20.81,20,20.1,11500
SGBX,13-May-2024,4.94,5.03,4.4353,4.66,304600
SGC,13-May-2024,20.49,21.04,19.32,19.9,180100
SGD,13-May-2024,0.5235,0.64,0.4889,0.62,2888900
SGHT,13-May-2024,5.41,5.5,5.31,5.42,104500
SGLY,13-May-2024,4.7,4.7,4.47,4.51,1300
SGMA,13-May-2024,4.84,4.98,4.8174,4.95,28400
SGML,13-May-2024,17.24,17.735,16.99,17,695900
SGMO,13-May-2024,0.59,0.6,0.5329,0.5514,3598300
SGMT,13-May-2024,4.56,4.59,4.24,4.24,338700
SGRP,13-May-2024,1.72,1.7899,1.72,1.755,40400
SGRY,13-May-2024,26.89,26.97,25.25,25.88,996100
SHBI,13-May-2024,11.27,11.35,11.05,11.09,107500
SHC,13-May-2024,11.06,11.43,10.935,11.38,1196000
SHEN,13-May-2024,16.86,17.46,16.86,17.1,189400
SHFS,13-May-2024,0.8,0.8,0.77,0.7936,73900
SHFSW,13-May-2024,0.038,0.0695,0.0351,0.0411,3400
SHIM,13-May-2024,3.7,3.775,3.46,3.64,31300
SHIP,13-May-2024,10.52,10.6,10.33,10.4,369900
SHLS,13-May-2024,7,7.22,6.895,7.13,9321600
SHMD,13-May-2024,3.35,3.598,3.3,3.35,23800
SHMDW,13-May-2024,0.25,0.25,0.24,0.24,8500
SHOO,13-May-2024,41.84,42.54,41.61,41.96,603800
SHOT,13-May-2024,1.22,1.59,1.22,1.49,2586700
SHOTW,13-May-2024,0.34,0.34,0.2223,0.32,500
SHPH,13-May-2024,0.4053,0.4053,0.395,0.4001,7600
SHRY,13-May-2024,37.8863,37.8863,37.8863,37.8863,100
SHV,13-May-2024,110.23,110.23,110.22,110.23,1501000
SHY,13-May-2024,81.35,81.35,81.3,81.3,2442500
SHYF,13-May-2024,12.6,12.89,12.59,12.6,260800
SIBN,13-May-2024,15.42,15.555,14.62,15,437300
SIDU,13-May-2024,3.4,3.4,3.1,3.12,145200
SIEB,13-May-2024,2.23,2.3999,1.9635,2.21,24900
SIFY,13-May-2024,1.22,1.22,1.2,1.21,17300
SIGA,13-May-2024,7.44,7.665,7.34,7.45,981300
SIGI,13-May-2024,98.5,99.04,96.96,97.11,229600
SIGIP,13-May-2024,18.468,18.5899,18.33,18.33,4200
SILC,13-May-2024,17.245,17.31,16.765,17.3,49800
SILO,13-May-2024,1.68,1.77,1.68,1.77,3600
SIMO,13-May-2024,76.35,76.6065,74.98,75.13,364800
SINT,13-May-2024,0.0405,0.0417,0.0367,0.0388,14771700
SIRI,13-May-2024,3.09,3.16,3.06,3.14,16651400
SISI,13-May-2024,0.7555,0.7929,0.7551,0.7633,63300
SITM,13-May-2024,123.39,127.095,122.76,124.01,184300
SJ,13-May-2024,0.97,0.97,0.8391,0.94,23100
SKGR,13-May-2024,11.13,11.13,11.07,11.0701,7400
SKGRW,13-May-2024,0.25,0.29,0.25,0.2813,8400
SKIN,13-May-2024,2.72,2.82,2.63,2.735,2504100
SKOR,13-May-2024,47.3,47.3028,47.2126,47.2126,17600
SKRE,13-May-2024,23.63,23.91,23.44,23.91,30400
SKWD,13-May-2024,37.37,37.5138,36.33,36.44,400500
SKYE,13-May-2024,11.1,11.55,11.1,11.41,40900
SKYT,13-May-2024,7.84,7.86,7.27,7.76,1247200
SKYU,13-May-2024,23.75,23.835,23.75,23.835,2400
SKYW,13-May-2024,78,78.8856,76.1,76.24,302100
SKYX,13-May-2024,1.05,1.06,0.95,1.06,416600
SKYY,13-May-2024,93.63,93.8,93.3,93.74,109300
SLAB,13-May-2024,126,129.2136,126,127.09,197300
SLDB,13-May-2024,10.59,10.68,9.35,9.75,163000
SLDP,13-May-2024,1.74,1.9,1.73,1.88,3902800
SLDPW,13-May-2024,0.2,0.209,0.1901,0.209,6300
SLE,13-May-2024,1.35,1.54,1.28,1.35,93500
SLGL,13-May-2024,0.7,0.74,0.6505,0.6895,17900
SLM,13-May-2024,21.96,22.04,21.455,21.49,1053500
SLMBP,13-May-2024,77.28,77.28,77.23,77.27,3400
SLN,13-May-2024,21.2,22.15,20.69,20.82,79300
SLNG,13-May-2024,4.1678,4.1678,4.11,4.162,1900
SLNH,13-May-2024,2.5,2.61,2.36,2.37,94900
SLNHP,13-May-2024,2.2,2.2,1.95,1.95,7500
SLNO,13-May-2024,45.17,45.17,42.21,42.8,429600
SLP,13-May-2024,48.66,49.2,48.37,49.05,66600
SLQD,13-May-2024,49.05,49.0613,49,49.01,125000
SLRC,13-May-2024,16.21,16.23,16.04,16.05,108300
SLRN,13-May-2024,4.67,4.96,4.66,4.69,812500
SLRX,13-May-2024,0.48,0.4975,0.47,0.49,15800
SLS,13-May-2024,1.37,1.4197,1.33,1.37,679300
SLVO,13-May-2024,80.5769,80.5883,80.1,80.43,5200
SMBC,13-May-2024,42.61,42.68,41.8501,41.92,22400
SMCF,13-May-2024,29.75,29.75,29.3666,29.3666,2700
SMCI,13-May-2024,810.82,811.99,762.63,782.76,2814700
SMCO,13-May-2024,23.5461,23.5461,23.3455,23.3455,900
SMH,13-May-2024,224,224.545,222.32,223.26,3972300
SMID,13-May-2024,32.18,33.36,32.18,32.6,8900
SMLR,13-May-2024,23,23.7095,22.99,23.085,40800
SMMT,13-May-2024,4.6,5.08,4.51,4.8,2065700
SMPL,13-May-2024,37.65,38.22,37.49,38.14,422100
SMRI,13-May-2024,28.84,28.84,28.7283,28.7283,100
SMSI,13-May-2024,2.63,2.7799,2.555,2.725,119000
SMTC,13-May-2024,39.6,39.87,38.57,38.64,1028100
SMTI,13-May-2024,31.45,31.75,28.815,29.28,35900
SMX,13-May-2024,0.1469,0.1469,0.13,0.1328,3024600
SMXT,13-May-2024,11.53,12.78,11.53,11.87,87100
SNAL,13-May-2024,0.98,1.0288,0.95,0.95,4500
SNAX,13-May-2024,1.72,1.78,1.6901,1.7526,10400
SNAXW,13-May-2024,0.007,0.0092,0.007,0.0087,11000
SNBR,13-May-2024,15.56,16.07,15.41,15.48,324400
SNCR,13-May-2024,8,8.6,8,8.47,23200
SNCRL,13-May-2024,21.0957,21.0957,20.99,21,3700
SNCY,13-May-2024,11.55,11.84,11.46,11.65,659800
SND,13-May-2024,2.35,2.37,2.26,2.3,334900
SNDL,13-May-2024,2.29,2.495,2.28,2.4,5696900
SNDX,13-May-2024,22.05,22.29,20.88,20.97,1271600
SNES,13-May-2024,0.7,0.7485,0.68,0.69,172300
SNEX,13-May-2024,77.35,77.855,75.28,75.49,128900
SNFCA,13-May-2024,6.85,6.977,6.61,6.66,84500
SNGX,13-May-2024,0.408,0.408,0.383,0.39,364000
SNOA,13-May-2024,0.1502,0.155,0.147,0.15,130400
SNPS,13-May-2024,561.37,561.37,553.615,557.39,547900
SNPX,13-May-2024,4.62,4.6601,4.3501,4.52,38600
SNSE,13-May-2024,1.53,1.782,1.53,1.57,230700
SNSR,13-May-2024,35.92,36.09,35.76,35.99,6500
SNT,13-May-2024,1.28,1.4,1.28,1.4,1700
SNTG,13-May-2024,1.852,1.9315,1.85,1.89,2000
SNTI,13-May-2024,0.3646,0.38,0.355,0.362,55300
SNY,13-May-2024,49.82,50.31,49.76,50.21,1254400
SOBR,13-May-2024,0.23,0.24,0.2111,0.2303,22900
SOCL,13-May-2024,43.5,44.09,43.5,43.97,41600
SOFI,13-May-2024,7.03,7.32,7,7.11,55263900
SOGP,13-May-2024,2.6,2.65,2.55,2.64,27000
SOHO,13-May-2024,1.41,1.44,1.37,1.4,29900
SOHON,13-May-2024,19.85,20.1,19.85,19.85,1600
SOHOO,13-May-2024,19.63,19.63,19.63,19.63,400
SOHU,13-May-2024,11.82,12.05,11.73,11.91,25400
SOND,13-May-2024,3.93,4.13,3.72,3.85,25100
SONDW,13-May-2024,0.005,0.0074,0.005,0.0074,900
SONM,13-May-2024,0.58,0.5947,0.5595,0.585,33000
SONN,13-May-2024,1.7,1.81,1.67,1.81,41600
SONO,13-May-2024,16.75,17.315,16.7157,17.22,2127600
SOPA,13-May-2024,2,2,1.81,1.86,70100
SOPH,13-May-2024,4.81,4.9,4.5,4.58,151400
SOTK,13-May-2024,4.63,4.9499,4.5439,4.9499,6400
SOUN,13-May-2024,5.2,5.77,5.19,5.52,52300300
SOUNW,13-May-2024,2.66,2.75,2.5,2.52,114600
SOWG,13-May-2024,10.5,11.05,10.5,10.9,32600
SOXQ,13-May-2024,38.07,38.17,37.9086,38,116300
SOXX,13-May-2024,221.2,222.08,220.33,220.7,1843200
SPAM,13-May-2024,26.88,26.88,26.7568,26.7568,100
SPAQ,13-May-2024,98.5777,98.5777,98.5777,98.5777,0
SPBC,13-May-2024,32.97,33.175,32.97,33.06,2500
SPC,13-May-2024,21.54,21.58,21.53,21.575,15500
SPCB,13-May-2024,0.1968,0.1994,0.1819,0.1931,2108700
SPCX,13-May-2024,23.44,23.44,23.39,23.39,300
SPFI,13-May-2024,27.98,27.98,27.12,27.22,42300
SPGC,13-May-2024,0.4601,0.4961,0.46,0.4961,9900
SPI,13-May-2024,0.51,0.54,0.51,0.5151,101800
SPKL,13-May-2024,10.31,10.31,10.31,10.31,6900
SPKLW,13-May-2024,0.16,0.17,0.16,0.17,12600
SPNS,13-May-2024,33.45,33.55,33.19,33.24,97600
SPOK,13-May-2024,15,15.0649,14.633,14.76,143400
SPPL,13-May-2024,0.68,0.7394,0.65,0.71,25700
SPRB,13-May-2024,0.83,0.8491,0.8,0.805,534300
SPRC,13-May-2024,1.27,1.29,1.24,1.25,35400
SPRO,13-May-2024,1.66,1.685,1.65,1.65,48100
SPRX,13-May-2024,22.42,22.5,22.36,22.4,46600
SPRY,13-May-2024,8.72,9.02,8.72,8.89,322400
SPSC,13-May-2024,194.35,195.14,191.54,192.6,110900
SPT,13-May-2024,28.48,28.87,27.8,28.15,1612100
SPTN,13-May-2024,20.42,20.66,20.34,20.38,200700
SPWH,13-May-2024,3.2,3.395,3.16,3.32,317400
SQFT,13-May-2024,0.89,0.89,0.845,0.875,31800
SQFTP,13-May-2024,17.25,17.4129,17.24,17.4129,3600
SQFTW,13-May-2024,0.0501,0.051,0.0501,0.051,5000
SQLV,13-May-2024,40.4036,40.4036,40.2204,40.2204,2800
SQQQ,13-May-2024,10.48,10.65,10.47,10.55,69011000
SRAD,13-May-2024,9.27,9.45,9.26,9.42,455100
SRBK,13-May-2024,9.1997,9.2,9.15,9.175,14100
SRCE,13-May-2024,52.74,52.9187,51.86,51.87,52500
SRDX,13-May-2024,32.35,32.74,31.96,32.45,50000
SRET,13-May-2024,20.14,20.1968,20.0215,20.075,18300
SRM,13-May-2024,1.22,1.2799,1.22,1.23,41700
SRPT,13-May-2024,132.25,133.55,129.78,131.7,634100
SRRK,13-May-2024,13.43,14.46,13.39,13.64,720000
SRTS,13-May-2024,5.37,5.85,5.11,5.4,2250800
SRZN,13-May-2024,9.935,10.4584,9.7303,10.2899,22200
SRZNW,13-May-2024,0.0221,0.0221,0.0221,0.0221,1600
SSBI,13-May-2024,9.4,9.4,8.88,9.04,9800
SSBK,13-May-2024,27.1,27.1,25.26,25.9,34400
SSKN,13-May-2024,0.38,0.3999,0.365,0.3843,21400
SSNC,13-May-2024,62.98,63.27,62.82,63.06,966700
SSP,13-May-2024,3.7,4.12,3.58,3.775,1704300
SSRM,13-May-2024,5.23,5.43,5.17,5.18,4038500
SSSS,13-May-2024,3.79,3.8599,3.7778,3.8,133900
SSSSL,13-May-2024,23.9792,24.001,23.9792,24.001,1000
SSTI,13-May-2024,13.89,14.78,13.775,14.53,112600
SSYS,13-May-2024,9.55,9.83,9.48,9.54,840900
STAA,13-May-2024,42.39,44.4,42.05,43.57,632800
STAF,13-May-2024,0.265,0.29,0.265,0.2796,13800
STBA,13-May-2024,32.02,32.2,31.73,31.78,107600
STBX,13-May-2024,0.19,0.197,0.19,0.1903,31400
STCN,13-May-2024,12.51,12.6,12.46,12.46,8000
STEP,13-May-2024,38.38,38.6,37.8,37.99,430400
STGW,13-May-2024,6.96,7.04,6.92,6.98,407100
STHO,13-May-2024,13.0426,13.88,13.0426,13.33,26300
STI,13-May-2024,2.3,2.43,2.23,2.4,111100
STIM,13-May-2024,2.57,2.58,2.45,2.56,121600
STKH,13-May-2024,3.88,4.48,3.88,4.02,72300
STKL,13-May-2024,5.92,5.965,5.765,5.87,1333800
STKS,13-May-2024,5.41,5.87,5.41,5.73,154400
STLD,13-May-2024,135.52,135.97,134.48,134.85,977100
STNE,13-May-2024,16.8,16.94,16.56,16.65,6179600
STOK,13-May-2024,11.52,11.885,11.4194,11.55,264100
STRA,13-May-2024,121.07,121.495,120.4,120.66,107900
STRL,13-May-2024,131.44,131.44,127.7,128.08,497000
STRM,13-May-2024,0.3403,0.3403,0.3227,0.3227,9400
STRO,13-May-2024,4.22,4.324,4.12,4.23,544400
STRR,13-May-2024,0.9,0.92,0.9,0.9001,13200
STRRP,13-May-2024,9.26,9.26,9.17,9.2001,3400
STRS,13-May-2024,22.43,22.6,22.43,22.6,3200
STRT,13-May-2024,23.95,24.83,23.78,24.04,20700
STSS,13-May-2024,0.235,0.235,0.2221,0.2232,33900
STSSW,13-May-2024,0.0618,0.066,0.0616,0.066,3100
STTK,13-May-2024,10.51,10.725,10.32,10.35,161500
STX,13-May-2024,94.55,94.58,92.45,93.15,2008500
SUGP,13-May-2024,2.63,2.78,2.45,2.77,41700
SUPN,13-May-2024,29.14,30.32,29.14,29.68,549300
SURG,13-May-2024,3.85,4.1,3.76,3.77,337000
SUSB,13-May-2024,24.37,24.379,24.34,24.35,75800
SUSC,13-May-2024,22.6,22.619,22.56,22.56,103700
SUSL,13-May-2024,92.91,92.91,92.44,92.62,8900
SUUN,13-May-2024,6,6.01,5.85,5.93,45800
SVC,13-May-2024,5.74,5.86,5.67,5.75,766900
SVCO,13-May-2024,18.91,19.49,18.81,18.91,247100
SVII,13-May-2024,11.05,11.05,11.04,11.04,105500
SVIIW,13-May-2024,0.09,0.095,0.09,0.09,140000
SVMH,13-May-2024,0.1237,0.1248,0.1175,0.1204,449100
SVMHW,13-May-2024,0.02,0.02,0.0175,0.02,25500
SVRA,13-May-2024,4.64,4.745,4.58,4.59,699700
SVRE,13-May-2024,0.64,0.67,0.63,0.67,4200
SWAG,13-May-2024,1.28,1.36,1.28,1.35,15500
SWBI,13-May-2024,16.46,16.55,16.24,16.24,256800
SWIM,13-May-2024,3.78,3.855,3.73,3.78,287700
SWIN,13-May-2024,19.78,22.48,18.92,20.14,293000
SWKH,13-May-2024,17.1461,17.6,17.1461,17.6,1100
SWKHL,13-May-2024,25.07,25.07,25.04,25.06,2700
SWKS,13-May-2024,92.39,94.085,92.39,93.9,1661800
SWTX,13-May-2024,41.27,42.27,41.08,41.43,572200
SWVL,13-May-2024,10.09,10.2688,9.5,10,41900
SWVLW,13-May-2024,0.02,0.0224,0.0176,0.0178,9100
SXTC,13-May-2024,1.03,1.08,1.01,1.04,119400
SXTP,13-May-2024,0.22,0.2239,0.2101,0.22,59600
SY,13-May-2024,1.3,1.33,1.2719,1.3,13100
SYBT,13-May-2024,48.7,48.75,47.56,47.65,43600
SYBX,13-May-2024,1.78,1.8378,1.78,1.8,2600
SYM,13-May-2024,42,44.3199,41.81,42.74,1026500
SYNA,13-May-2024,89.52,90.5,88.16,88.38,243500
SYPR,13-May-2024,1.35,1.36,1.33,1.35,14000
SYRA,13-May-2024,1.41,1.4223,1.31,1.33,120100
SYRE,13-May-2024,37.22,38.4184,36.04,37,274600
SYRS,13-May-2024,4.98,5.16,4.9401,5.06,91700
SYT,13-May-2024,2.93,3.0499,2.85,2.85,5800
SYTA,13-May-2024,3,3.3,2.85,2.98,1574900
TACT,13-May-2024,3.8,3.805,3.7,3.7,9600
TAIT,13-May-2024,3.19,3.2,3.15,3.17,11000
TALK,13-May-2024,2.82,2.95,2.8,2.85,1002400
TALKW,13-May-2024,0.18,0.1818,0.0956,0.16,4400
TANH,13-May-2024,0.55,0.5613,0.53,0.5525,94500
TAOP,13-May-2024,0.8384,0.9205,0.8,0.81,415700
TARA,13-May-2024,3.02,3.35,2.97,3.24,630800
TARK,13-May-2024,58.76,62.31,58.76,60.63,59600
TARS,13-May-2024,37,38.79,36.57,38.37,641900
TASK,13-May-2024,13.38,14.3,13.38,14.18,472000
TATT,13-May-2024,12.72,13.2,12.5401,12.81,9600
TAYD,13-May-2024,47.62,49.93,46.72,48.31,19100
TBBK,13-May-2024,33.18,34.29,33.18,33.9,493000
TBIL,13-May-2024,49.92,49.92,49.91,49.91,948900
TBLA,13-May-2024,4.45,4.4749,4.19,4.22,1015500
TBLAW,13-May-2024,0.295,0.3,0.295,0.3,7700
TBLD,13-May-2024,15.85,15.85,15.71,15.76,30100
TBMC,13-May-2024,10.8,10.8,10.8,10.8,4800
TBNK,13-May-2024,8.5,8.54,8.39,8.39,16600
TBPH,13-May-2024,9.48,9.58,9.39,9.58,189200
TBRG,13-May-2024,8.78,9.24,8.74,8.86,320100
TC,13-May-2024,2.15,2.1871,1.6135,2.01,57500
TCBI,13-May-2024,61.67,62.33,61.46,61.49,323700
TCBIO,13-May-2024,19.6,19.75,19.2,19.39,15700
TCBK,13-May-2024,38.22,38.62,37.35,37.65,127600
TCBP,13-May-2024,1.11,1.18,1.08,1.13,374300
TCBPW,13-May-2024,0.0155,0.0207,0.0154,0.0155,17200
TCBS,13-May-2024,14.2234,14.2234,14.2234,14.2234,200
TCBX,13-May-2024,21.41,21.7,20.93,21,19400
TCHI,13-May-2024,18.04,18.04,18.0097,18.0097,1100
TCMD,13-May-2024,13.94,14.17,13.76,13.83,191100
TCOM,13-May-2024,54,54.93,53.87,54.9,4473000
TCPC,13-May-2024,10.66,10.755,10.64,10.72,552500
TCRT,13-May-2024,1.28,1.28,1.2,1.27,30700
TCRX,13-May-2024,7.68,8.17,7.51,8.01,149400
TCTM,13-May-2024,1.99,2.025,1.8,1.81,35300
TCX,13-May-2024,18.34,18.37,17.57,18.02,35000
TDI,13-May-2024,29.19,29.2882,29.19,29.24,4000
TDIV,13-May-2024,70.26,70.26,70,70.09,57500
TDSB,13-May-2024,21.93,21.9383,21.87,21.8756,9100
TDSC,13-May-2024,24.1,24.13,24.02,24.0359,16100
TDUP,13-May-2024,2.04,2.13,2.02,2.06,1070800
TEAM,13-May-2024,181.67,182.98,179.92,182.83,1254000
TECH,13-May-2024,82.14,82.75,80.55,81.97,1418000
TECTP,13-May-2024,10.36,10.36,10.19,10.215,6700
TELA,13-May-2024,5.76,6.02,5.73,5.8,113400
TELO,13-May-2024,7.4,7.4,6.34,6.66,20700
TENB,13-May-2024,45.22,45.765,44.48,44.9,569700
TENX,13-May-2024,3.51,3.65,3.51,3.55,26100
TER,13-May-2024,123,125.94,122.905,124.85,2206300
TERN,13-May-2024,5.75,6.17,5.62,5.89,953500
TETE,13-May-2024,11.9,11.9,11.83,11.9,1800
TFIN,13-May-2024,74.19,74.475,73.68,74,187200
TFINP,13-May-2024,21.45,22,21.43,22,3300
TFSL,13-May-2024,13.09,13.155,12.975,13,177100
TGL,13-May-2024,4.87,5.185,4.41,4.82,598900
TGTX,13-May-2024,16.75,17.57,16.63,17.32,4316600
TH,13-May-2024,11.57,11.65,11.42,11.56,264400
THAR,13-May-2024,0.377,0.3882,0.36,0.371,310600
THCH,13-May-2024,1.14,1.178,1.1301,1.14,82700
THFF,13-May-2024,38.65,38.65,37.94,37.94,16700
THRD,13-May-2024,11.9,12.11,11.67,12.06,49900
THRM,13-May-2024,50.73,51.2,50.435,50.64,87300
THRY,13-May-2024,21.85,22.82,21.57,22.43,347300
THTX,13-May-2024,1.2,1.29,1.2,1.24,7000
TIGO,13-May-2024,22.67,22.87,22.655,22.85,173600
TIGR,13-May-2024,3.9,4.27,3.9,4.18,2310300
TIL,13-May-2024,11.77,11.88,11.28,11.8,7800
TILE,13-May-2024,16.41,16.41,15.93,15.94,343600
TIPT,13-May-2024,17.32,17.34,16.63,16.71,67100
TIRX,13-May-2024,0.64,0.6691,0.5805,0.6349,1342700
TITN,13-May-2024,24,24.25,23.31,23.4,249700
TIVC,13-May-2024,0.4864,0.5112,0.46,0.4838,712900
TKLF,13-May-2024,0.225,0.2291,0.203,0.2139,558500
TKNO,13-May-2024,1.88,1.89,1.74,1.74,10200
TLF,13-May-2024,4.61,4.82,4.47,4.47,24300
TLPH,13-May-2024,1.01,1.04,1.01,1.0301,28500
TLRY,13-May-2024,1.95,2.12,1.95,1.99,19828400
TLS,13-May-2024,3.42,3.42,2.96,3,615500
TLSA,13-May-2024,0.621,0.64,0.563,0.6116,95600
TLSI,13-May-2024,9.865,10.24,9.865,10.24,12300
TLSIW,13-May-2024,0.91,0.9191,0.91,0.9191,300
TLT,13-May-2024,90.55,90.61,90.31,90.35,23157400
TMC,13-May-2024,1.49,1.52,1.47,1.52,1412300
TMCI,13-May-2024,4.32,4.65,4.2949,4.53,2992700
TMCWW,13-May-2024,0.1848,0.19,0.1713,0.18,22500
TMDX,13-May-2024,129.97,132.5,128.15,132.04,645100
TMET,13-May-2024,29.455,29.455,29.455,29.455,100
TMUS,13-May-2024,164.99,164.99,162.72,163.35,3686200
TNDM,13-May-2024,44.46,45.15,43.89,43.93,1102000
TNGX,13-May-2024,7.21,7.625,7.15,7.31,365000
TNON,13-May-2024,0.8483,0.92,0.82,0.8785,52100
TNONW,13-May-2024,0.0609,0.0676,0.055,0.0667,15500
TNXP,13-May-2024,0.174,0.1766,0.1707,0.1711,1531400
TNYA,13-May-2024,4.27,4.38,4.21,4.28,132400
TOI,13-May-2024,0.9092,0.9092,0.8167,0.8692,224400
TOMZ,13-May-2024,0.74,0.74,0.71,0.7285,12200
TOP,13-May-2024,2.71,2.8,2.67,2.77,118800
TORO,13-May-2024,4.57,4.77,4.57,4.72,25400
TOUR,13-May-2024,0.89,0.978,0.8801,0.9584,232600
TOWN,13-May-2024,27.53,27.68,27.29,27.3,211600
TPCS,13-May-2024,4.26,4.28,4.19,4.19,6300
TPG,13-May-2024,42.88,43.16,42.235,42.36,1103500
TPGXL,13-May-2024,25.76,25.85,25.7,25.71,10200
TPIC,13-May-2024,3.66,4.09,3.66,3.88,775300
TPST,13-May-2024,3.25,3.43,3.22,3.28,345700
TQQQ,13-May-2024,59.92,59.97,58.9802,59.56,33861000
TRAW,13-May-2024,0.6667,0.6667,0.6309,0.6456,31900
TRDA,13-May-2024,14.78,14.85,13.98,14.05,125600
TREE,13-May-2024,47.19,48.9589,47.15,48.19,166200
TRIB,13-May-2024,1.66,2.08,1.55,1.58,197200
TRIN,13-May-2024,14.94,15.045,14.925,14.97,291700
TRINL,13-May-2024,25.38,25.38,25.17,25.3,25200
TRINZ,13-May-2024,25.36,25.3799,25.31,25.31,14900
TRIP,13-May-2024,18.2,18.745,18.0369,18.64,5839700
TRMB,13-May-2024,57.18,57.66,57.01,57.06,1066000
TRMD,13-May-2024,36.73,37.17,36.6201,36.91,1254000
TRMK,13-May-2024,30.53,30.72,30.17,30.19,158300
TRML,13-May-2024,14.26,15.245,14.26,14.44,271000
TRNR,13-May-2024,0.1649,0.1649,0.1538,0.161,100100
TRNS,13-May-2024,117.58,119.22,115.92,118.31,64000
TROO,13-May-2024,0.99,1,0.9506,0.9994,15100
TROW,13-May-2024,111.86,113.365,111.79,112.67,915000
TRS,13-May-2024,26.95,27.55,26.62,27.23,295800
TRSG,13-May-2024,6.16,6.39,5.79,5.99,66900
TRST,13-May-2024,28.38,28.47,28.13,28.13,42300
TRUE,13-May-2024,2.82,2.825,2.7,2.7,199000
TRUG,13-May-2024,1.45,1.5,1.4,1.41,15800
TRUP,13-May-2024,26.28,31.29,26,30.77,2801900
TRVG,13-May-2024,2.15,2.28,2.1,2.13,83900
TRVI,13-May-2024,2.75,2.78,2.59,2.73,81700
TSAT,13-May-2024,7.21,7.495,7.21,7.41,27200
TSBK,13-May-2024,25.75,26.12,25.33,25.33,7100
TSBX,13-May-2024,3.11,3.19,2.9373,3.03,100900
TSCO,13-May-2024,272.6,273.8,270.005,271.67,793500
TSDD,13-May-2024,22.1,22.4,20.704,21.63,308500
TSEM,13-May-2024,36.61,37.07,36.31,36.48,286600
TSHA,13-May-2024,2.36,2.46,2.355,2.4,923200
TSL,13-May-2024,6.57,6.795,6.51,6.64,160900
TSLA,13-May-2024,170,175.4,169,171.89,67018900
TSLL,13-May-2024,7.09,7.54,7.0112,7.25,22826500
TSLQ,13-May-2024,37.58,37.8065,36.37,37.16,1972100
TSLR,13-May-2024,10.65,11.32,10.54,10.88,266700
TSLS,13-May-2024,24.95,25.08,24.14,24.66,998600
TSVT,13-May-2024,4.47,4.598,4.44,4.49,229900
TTD,13-May-2024,87.91,89.33,87.475,87.53,2694300
TTEC,13-May-2024,7.3,7.87,7.3,7.46,425700
TTEK,13-May-2024,214.57,214.66,209.73,210.16,276300
TTGT,13-May-2024,29.2,29.58,28.15,28.44,116200
TTMI,13-May-2024,18.48,18.6,18.07,18.08,998400
TTNP,13-May-2024,6.7438,6.7438,6.7438,6.7438,700
TTOO,13-May-2024,3.73,4.74,3.6296,4.39,629700
TTSH,13-May-2024,6.74,6.81,6.68,6.68,44500
TTWO,13-May-2024,146.55,146.9099,143.69,143.95,1684600
TUG,13-May-2024,31.83,31.83,31.69,31.72,15300
TUGN,13-May-2024,23.04,23.04,22.91,22.98,31900
TUR,13-May-2024,41,41.25,40.56,40.63,164700
TURB,13-May-2024,1.22,1.22,1.17,1.17,400
TURN,13-May-2024,3.86,3.8732,3.85,3.85,14200
TUSK,13-May-2024,3.38,3.42,3.27,3.29,45900
TVGN,13-May-2024,1.43,1.48,0.984,1,21129700
TVGNW,13-May-2024,0.05,0.05,0.043,0.043,5700
TVTX,13-May-2024,6.34,6.56,6.22,6.34,792500
TW,13-May-2024,110.86,111.84,109.67,109.75,722800
TWG,13-May-2024,1.07,1.0899,1,1.05,96000
TWIN,13-May-2024,15.86,15.86,14.66,14.74,43300
TWST,13-May-2024,42.71,47.47,42.71,47.43,1697600
TXG,13-May-2024,26.23,27.99,26.22,26.97,1974100
TXMD,13-May-2024,2.02,2.08,2,2.08,10100
TXN,13-May-2024,187,188.38,186.67,187.82,3686200
TXRH,13-May-2024,166.37,166.845,164.71,165.52,687900
TXSS,13-May-2024,26.01,26.01,25.8734,25.8734,300
TYGO,13-May-2024,1.11,1.15,1.1,1.14,25500
TYRA,13-May-2024,17.61,18.66,17.61,18.5,86000
TZOO,13-May-2024,8.4,8.62,8.13,8.26,122300
UAE,13-May-2024,14.58,14.58,14.52,14.53,800
UAL,13-May-2024,53.23,54.68,53.2,54.4,7633900
UBCP,13-May-2024,12.7037,12.7037,12.1,12.46,5700
UBFO,13-May-2024,7.37,7.3897,7.25,7.25,16200
UBND,13-May-2024,21.23,21.23,21.21,21.21,18500
UBSI,13-May-2024,34.71,34.89,34.15,34.16,420800
UBX,13-May-2024,1.57,1.58,1.5305,1.565,25900
UBXG,13-May-2024,5.3,5.3,5,5.12,5700
UCAR,13-May-2024,5.29,5.57,5.29,5.4,24700
UCL,13-May-2024,1.39,1.68,1.39,1.53,37000
UCRD,13-May-2024,20.755,20.755,20.755,20.755,100
UCTT,13-May-2024,44.3,44.58,43.39,43.51,148700
UCYB,13-May-2024,38.86,38.8601,38.7199,38.7294,700
UDMY,13-May-2024,9.92,10.03,9.72,9.74,608800
UEIC,13-May-2024,12.6,13.14,12.6,12.8,50500
UEVM,13-May-2024,48.75,48.75,48.75,48.75,100
UFCS,13-May-2024,23.76,23.89,23.56,23.65,63200
UFIV,13-May-2024,47.83,47.83,47.7653,47.7653,2500
UFO,13-May-2024,15.54,15.8,15.52,15.61,2400
UFPI,13-May-2024,119.36,120,118.59,118.83,158800
UFPT,13-May-2024,264.3,264.89,258.9,259.21,30400
UG,13-May-2024,8.5,9.2995,8.5,9.15,40300
UGRO,13-May-2024,1.82,1.85,1.78,1.85,81500
UHG,13-May-2024,6.72,6.72,6.5007,6.55,4000
UITB,13-May-2024,45.77,45.77,45.66,45.67,59800
UIVM,13-May-2024,49.155,49.155,48.95,49.05,2300
UK,13-May-2024,1.97,2.0999,1.93,1.94,23600
UKOMW,13-May-2024,0.01,0.0102,0.01,0.0101,3800
ULBI,13-May-2024,12.33,12.6299,12.275,12.33,109200
ULCC,13-May-2024,5.94,6.24,5.92,6.09,1755600
ULH,13-May-2024,48.78,48.78,47.52,47.85,37700
ULTA,13-May-2024,404.45,411.6,401.315,403.96,708200
ULVM,13-May-2024,74.5128,74.5128,74.5128,74.5128,100
ULY,13-May-2024,2.31,2.67,2.15,2.15,54900
UMBF,13-May-2024,83.15,83.8,82.46,83.77,714300
UMMA,13-May-2024,24.38,24.43,24.2759,24.32,21200
UNB,13-May-2024,25.48,25.86,25.48,25.6,2200
UNCY,13-May-2024,1.14,1.14,1.08,1.09,67000
UNIT,13-May-2024,3.9,3.915,3.74,3.83,2604300
UNIY,13-May-2024,48.04,48.04,48.04,48.04,100
UNTY,13-May-2024,27.7,27.82,27.1,27.1,5100
UONE,13-May-2024,2.11,2.2,2.06,2.07,35400
UONEK,13-May-2024,1.67,1.84,1.58,1.6,52300
UPBD,13-May-2024,32.57,33.93,32.57,33.15,420600
UPC,13-May-2024,2.18,2.3899,2.18,2.335,10100
UPGR,13-May-2024,18.9099,18.9099,18.9099,18.9099,0
UPLD,13-May-2024,2.81,3.06,2.8,2.93,395400
UPST,13-May-2024,26.24,28.53,26.06,27.43,9346300
UPWK,13-May-2024,12.06,12.4,12.02,12.07,1841700
UPXI,13-May-2024,0.41,0.41,0.3976,0.3983,75400
URBN,13-May-2024,41.41,42.52,41.39,41.62,1080400
URGN,13-May-2024,10.9,13.3,10.6001,13.07,572300
URNJ,13-May-2024,28.23,28.27,27.3901,27.65,66500
UROY,13-May-2024,2.55,2.62,2.51,2.52,740800
USAP,13-May-2024,33.14,33.79,31.89,32.26,221300
USAU,13-May-2024,4.4,4.7799,4.35,4.6,238300
USCB,13-May-2024,12.25,12.42,12.15,12.15,2500
USCF,13-May-2024,28.27,28.27,28.0049,28.0049,200
USCL,13-May-2024,61.98,61.98,61.98,61.98,100
USDX,13-May-2024,25.33,25.35,25.31,25.33,24600
USEA,13-May-2024,2.62,2.66,2.62,2.64,9000
USEG,13-May-2024,1.16,1.16,1.11,1.11,42000
USFI,13-May-2024,23.7203,23.7203,23.7203,23.7203,100
USGO,13-May-2024,5.3639,5.725,5.3639,5.725,2000
USIG,13-May-2024,49.96,49.98,49.86,49.87,766500
USIN,13-May-2024,48.9889,48.9889,48.9889,48.9889,100
USIO,13-May-2024,1.5,1.5,1.48,1.48,16400
USLM,13-May-2024,368.95,372,367.15,368.78,19600
USMC,13-May-2024,51.38,51.38,51.13,51.17,415900
USOI,13-May-2024,72.86,73.32,72.86,73.32,26000
USOY,13-May-2024,20.32,20.32,20,20.155,4800
USRD,13-May-2024,28.47,28.47,28.31,28.31,6600
USSH,13-May-2024,49.92,49.92,49.91,49.91,400
USTB,13-May-2024,49.5,49.52,49.47,49.49,52800
USVM,13-May-2024,79.467,79.5,79.03,79.0658,3900
USVN,13-May-2024,47.05,47.05,47.05,47.05,100
USXF,13-May-2024,44.39,44.39,44.08,44.14,51500
UTEN,13-May-2024,43.03,43.04,42.9655,42.9655,19300
UTHR,13-May-2024,265.93,269.1,263.56,264.34,349600
UTHY,13-May-2024,43.14,43.14,43.0267,43.0267,6000
UTMD,13-May-2024,69.62,69.75,68.47,68.47,18100
UTRE,13-May-2024,48.5498,48.5498,48.5498,48.5498,200
UTSI,13-May-2024,2.7399,2.88,2.7399,2.85,9700
UTWO,13-May-2024,47.81,47.81,47.7801,47.785,55700
UTWY,13-May-2024,44.56,44.58,44.4927,44.51,4300
UVSP,13-May-2024,22.81,23.06,22.54,22.59,147400
UXIN,13-May-2024,2.55,3.5,2.54,3.24,556500
VABK,13-May-2024,30.07,30.39,29.85,30.34,7200
VALN,13-May-2024,7.45,7.76,7.3988,7.61,2800
VALU,13-May-2024,38.02,38.02,38.02,38.02,1200
VANI,13-May-2024,1.84,1.8793,1.8,1.85,82700
VBNK,13-May-2024,9.66,9.76,9.61,9.76,7300
VBTX,13-May-2024,20.76,20.78,20.491,20.62,550900
VC,13-May-2024,115.25,116.67,114.15,115.04,208700
VCEL,13-May-2024,48.26,49.45,48.23,48.52,294300
VCIG,13-May-2024,1.08,1.09,1.05,1.09,110300
VCIT,13-May-2024,79.31,79.3465,79.15,79.17,5981800
VCLT,13-May-2024,75.78,75.78,75.43,75.45,2142500
VCRB,13-May-2024,75.47,75.47,75.29,75.2953,60000
VCSA,13-May-2024,5.99,6.25,5.575,5.67,82800
VCSH,13-May-2024,76.93,76.95,76.85,76.85,1769200
VCTR,13-May-2024,49,51.38,48.7,50.85,757100
VCYT,13-May-2024,21.54,22.96,21.54,22.5,1346400
VECO,13-May-2024,37.97,38.105,37.54,37.71,314400
VEEE,13-May-2024,0.7454,0.7454,0.67,0.7118,5700
VEON,13-May-2024,25.6,25.6779,25.4,25.5417,5400
VERA,13-May-2024,41.63,41.63,39.67,40.75,642700
VERB,13-May-2024,0.1333,0.148,0.1295,0.144,11074000
VERI,13-May-2024,3.07,3.45,3.07,3.35,770300
VERO,13-May-2024,0.6451,0.68,0.6128,0.6547,11500
VERU,13-May-2024,1.32,1.39,1.305,1.33,1084100
VERV,13-May-2024,6.14,6.83,6.1,6.22,1723300
VERX,13-May-2024,31.48,32.04,31.34,31.7,684600
VFF,13-May-2024,1.27,1.3299,1.26,1.3,431500
VFLO,13-May-2024,31.72,31.72,31.47,31.49,115500
VFS,13-May-2024,3.2,4.64,3.0803,4.56,15396300
VFSWW,13-May-2024,0.4663,0.5475,0.4301,0.5049,372500
VGAS,13-May-2024,4.59,4.59,4.58,4.58,1000
VGASW,13-May-2024,0.177,0.177,0.177,0.177,100
VGIT,13-May-2024,57.76,57.76,57.69,57.69,2247200
VGLT,13-May-2024,56.91,56.93,56.75,56.77,2223400
VGSH,13-May-2024,57.78,57.78,57.74,57.74,1372600
VGSR,13-May-2024,9.59,9.6299,9.55,9.575,43400
VIASP,13-May-2024,21.665,21.9998,21.665,21.82,9600
VIAV,13-May-2024,7.39,7.525,7.33,7.345,1116500
VICR,13-May-2024,33.4,33.955,33.16,33.29,118600
VIGI,13-May-2024,80.81,80.81,80.43,80.48,237200
VIGL,13-May-2024,3.24,3.71,3.05,3.65,649600
VINC,13-May-2024,0.807,0.8189,0.7397,0.76,464900
VINP,13-May-2024,10.86,11,10.8,10.96,30000
VIOT,13-May-2024,0.69,0.78,0.682,0.72,712900
VIR,13-May-2024,9.63,9.93,9.57,9.77,713200
VIRC,13-May-2024,12.51,12.61,12.15,12.44,83400
VIRT,13-May-2024,22.5,23.1,22.48,23.01,821800
VIRX,13-May-2024,0.79,0.81,0.762,0.771,40000
VISL,13-May-2024,4.13,4.2199,4.07,4.155,3300
VITL,13-May-2024,36.36,36.81,34.1647,35.6,1452100
VIVK,13-May-2024,1.1,1.235,1.04,1.235,26500
VKTX,13-May-2024,74.39,74.95,70.43,72.35,2577800
VLCN,13-May-2024,0.3509,0.4127,0.3477,0.3833,2836000
VLGEA,13-May-2024,29.99,30.25,29.8,29.83,24300
VLY,13-May-2024,7.84,7.95,7.79,7.83,3728200
VLYPO,13-May-2024,24.7,25,24.45,25,7300
VLYPP,13-May-2024,22.5,22.75,22.5,22.66,6400
VMAR,13-May-2024,0.72,0.7451,0.68,0.7195,64700
VMBS,13-May-2024,45,45,44.895,44.92,970500
VMD,13-May-2024,7.14,7.33,6.9,7.05,266200
VMEO,13-May-2024,3.87,4.05,3.858,4.05,1419400
VMOT,13-May-2024,25.2,25.28,25.17,25.28,3100
VNDA,13-May-2024,5.05,5.14,4.9599,5.05,833000
VNET,13-May-2024,1.91,1.98,1.9,1.9,483000
VNOM,13-May-2024,37.89,37.98,37.05,37.25,591800
VNQI,13-May-2024,42.13,42.24,42,42.14,96100
VOD,13-May-2024,8.84,8.9,8.76,8.77,5737900
VONE,13-May-2024,237.83,237.83,236.585,236.89,40500
VONG,13-May-2024,86.97,86.97,86.36,86.65,540100
VONV,13-May-2024,77.93,78.11,77.56,77.59,239300
VOR,13-May-2024,1.78,1.78,1.69,1.7,235800
VOXR,13-May-2024,2.04,2.04,1.97,2.01,153800
VOXX,13-May-2024,5.9,6.35,5.9,6.07,55700
VPLS,13-May-2024,75.61,75.68,75.5486,75.5503,46100
VRA,13-May-2024,7.49,7.69,7.48,7.51,211900
VRAR,13-May-2024,1.14,1.19,1.14,1.18,20000
VRAX,13-May-2024,0.82,0.82,0.7665,0.7933,61400
VRCA,13-May-2024,8.22,9.61,7.84,9.56,563300
VRDN,13-May-2024,14.13,14.71,13.93,14.34,630400
VREX,13-May-2024,15.45,15.6,15.365,15.51,261800
VRIG,13-May-2024,25.16,25.18,25.16,25.175,176400
VRME,13-May-2024,1.74,1.74,1.65,1.69,29400
VRNA,13-May-2024,14.88,15,13.78,13.88,914100
VRNS,13-May-2024,44.6,44.7199,43.76,44.11,803600
VRNT,13-May-2024,31.2,31.81,31.17,31.28,322700
VRPX,13-May-2024,2.55,3.14,2.55,3.04,43400
VRRM,13-May-2024,26.99,27.09,26.73,27.08,855400
VRSK,13-May-2024,248.88,248.88,245.86,246.34,399200
VRSN,13-May-2024,171.51,172.96,170.105,171.09,666600
VRTX,13-May-2024,425.99,430.52,424.56,429.93,939700
VS,13-May-2024,1.36,1.5796,1.3554,1.42,33100
VSAT,13-May-2024,17.29,18.23,17.275,17.37,1146600
VSDA,13-May-2024,49.79,49.9151,49.52,49.52,20300
VSEC,13-May-2024,80.74,80.74,75.46,75.63,101900
VSME,13-May-2024,0.3841,0.3842,0.3505,0.3663,106200
VSMV,13-May-2024,44.46,44.66,44.4003,44.45,5900
VSTA,13-May-2024,3.64,3.6675,3.55,3.58,10200
VSTE,13-May-2024,3.01,3.69,2.86,3.03,29000
VSTEW,13-May-2024,0.12,0.12,0.11,0.11,105000
VSTM,13-May-2024,11.81,12.28,11.61,12.02,91300
VTC,13-May-2024,75.3,75.355,75.18,75.18,29200
VTGN,13-May-2024,4.38,4.57,4.38,4.53,69700
VTHR,13-May-2024,232.47,232.47,231.02,231.51,16800
VTIP,13-May-2024,48.09,48.09,48.04,48.05,856400
VTRS,13-May-2024,11.21,11.39,11.17,11.36,9149400
VTSI,13-May-2024,16.87,17.68,16.76,16.78,179400
VTVT,13-May-2024,25.99,26,25,25.9,2500
VTWG,13-May-2024,190.61,191.09,189.465,189.56,16600
VTWO,13-May-2024,83.33,83.5,82.73,82.76,1190200
VTWV,13-May-2024,138.35,138.91,137.45,137.68,68400
VTYX,13-May-2024,4.16,4.6739,4.06,4.12,814700
VUZI,13-May-2024,1.22,1.485,1.22,1.34,2290900
VVOS,13-May-2024,2.18,2.2002,1.9601,2.01,133300
VVPR,13-May-2024,3.48,3.585,3.46,3.475,31200
VWOB,13-May-2024,63.27,63.27,63.15,63.15,301600
VXRT,13-May-2024,0.72,0.85,0.71,0.82,3119400
VXUS,13-May-2024,61.23,61.3268,61.07,61.15,2342000
VYGR,13-May-2024,8.45,8.79,8.44,8.48,391900
VYMI,13-May-2024,70.73,70.87,70.54,70.63,233000
VYNE,13-May-2024,2.67,2.8539,2.67,2.83,109800
WABC,13-May-2024,50.17,50.315,49.57,49.63,107800
WABF,13-May-2024,25.14,25.14,25.14,25.14,100
WAFD,13-May-2024,28.8,28.85,28.49,28.5,293100
WAFDP,13-May-2024,16.07,16.1351,15.92,16.1,4700
WAFU,13-May-2024,1.85,1.91,1.85,1.91,1800
WALD,13-May-2024,4.55,4.7643,4.23,4.42,56900
WALDW,13-May-2024,0.2911,0.2911,0.2851,0.2851,400
WASH,13-May-2024,26.95,27.14,26.76,26.78,57100
WATT,13-May-2024,1.44,1.54,1.43,1.51,34900
WAVE,13-May-2024,3.2,3.5099,3.2,3.31,29900
WAVS,13-May-2024,10.7546,10.76,10.7546,10.76,300
WB,13-May-2024,9.94,10.25,9.77,9.78,2414600
WBA,13-May-2024,17.25,18.65,17.225,18.12,17992900
WBD,13-May-2024,8.3,8.585,8.25,8.38,28369300
WBND,13-May-2024,19.8,19.84,19.77,19.77,6200
WBUY,13-May-2024,0.56,0.64,0.55,0.575,466000
WCBR,13-May-2024,24.18,24.2,24.09,24.1,26100
WCLD,13-May-2024,32.28,32.5101,32.2004,32.37,116500
WDAY,13-May-2024,246.17,248.8,246.165,247.08,2161700
WDC,13-May-2024,72.08,72.6,70.55,70.97,3828300
WDFC,13-May-2024,233.53,233.84,231.01,233.31,54400
WEEI,13-May-2024,24.58,24.58,24.5604,24.5604,2500
WEN,13-May-2024,19.07,19.07,18.35,18.36,5526800
WERN,13-May-2024,37.5,37.85,37.08,37.65,698000
WEST,13-May-2024,10.63,10.75,10.53,10.67,167600
WETH,13-May-2024,1.3,1.37,1.13,1.14,200800
WEYS,13-May-2024,29,29.49,28.03,28.14,22200
WFCF,13-May-2024,11.98,12,11.425,11.425,1000
WFRD,13-May-2024,123.05,124.26,121.37,122.75,406000
WGMI,13-May-2024,14.86,14.99,14.26,14.31,204600
WGS,13-May-2024,20.82,23.73,20.55,23.38,1051700
WGSWW,13-May-2024,0.0303,0.0349,0.0271,0.0349,14600
WHF,13-May-2024,12.8,12.88,12.6101,12.8,92700
WHFCL,13-May-2024,25.3,25.3799,25.2999,25.34,3800
WHLM,13-May-2024,4.37,4.6399,4.37,4.43,1800
WHLR,13-May-2024,0.1365,0.1379,0.1212,0.1221,450200
WHLRD,13-May-2024,18.15,18.21,17.85,17.94,15200
WHLRP,13-May-2024,1.5618,1.645,1.5618,1.6,700
WILC,13-May-2024,9.29,9.3,9.18,9.195,3200
WIMI,13-May-2024,0.9127,0.98,0.9127,0.93,215400
WINA,13-May-2024,373.3,386.708,373.3,374.66,39800
WINC,13-May-2024,23.88,23.88,23.8054,23.8054,6100
WING,13-May-2024,390.91,390.91,375.7801,377.42,538800
WINT,13-May-2024,4.11,4.11,3.721,3.93,11400
WINV,13-May-2024,11.18,11.2,11.18,11.18,500
WINVR,13-May-2024,0.08,0.1246,0.08,0.1246,2300
WISA,13-May-2024,3.14,4.25,3.08,3.89,3727000
WISE,13-May-2024,28.02,28.15,28.02,28.12,11000
WIX,13-May-2024,125.79,129.44,125.44,127.01,1031900
WKEY,13-May-2024,1.92,1.9899,1.87,1.89,16300
WKHS,13-May-2024,0.18,0.1895,0.1723,0.1823,9776600
WKSP,13-May-2024,0.837,0.84,0.68,0.7021,704700
WLDN,13-May-2024,32.7,32.76,31.71,31.85,72400
WLDS,13-May-2024,0.327,0.3425,0.3178,0.3299,165400
WLDSW,13-May-2024,0.05,0.05,0.04,0.05,8800
WLFC,13-May-2024,63.65,66.8401,63.65,64.18,48600
WLGS,13-May-2024,0.5611,0.5785,0.54,0.54,27100
WMG,13-May-2024,31.85,32.34,31.54,32.25,2268800
WMPN,13-May-2024,12.06,12.175,12.06,12.06,5000
WNDY,13-May-2024,12.74,12.74,12.74,12.74,100
WNEB,13-May-2024,6.5,6.645,6.5,6.57,34700
WNW,13-May-2024,1.08,1.14,1.07,1.1,205500
WOOD,13-May-2024,82.94,83.09,82.58,82.92,5700
WOOF,13-May-2024,1.71,1.875,1.71,1.79,4154200
WORX,13-May-2024,2.12,2.1501,2.09,2.09,7000
WPRT,13-May-2024,5.99,5.99,5.55,5.75,43300
WRAP,13-May-2024,1.5,1.53,1.47,1.485,175500
WRLD,13-May-2024,138.95,139.1,135.75,136.92,59200
WRND,13-May-2024,28.7375,28.7375,28.7375,28.7375,0
WSBC,13-May-2024,28.58,28.6599,28.31,28.35,102000
WSBCP,13-May-2024,24.48,24.5,24.36,24.41,3500
WSBF,13-May-2024,12.42,12.485,12.33,12.36,41400
WSC,13-May-2024,40.81,40.81,39.29,39.3,1372500
WSFS,13-May-2024,46.73,46.73,45.83,45.87,190600
WTBA,13-May-2024,17.73,17.73,17.5,17.5,14300
WTBN,13-May-2024,24.54,24.54,24.52,24.5357,500
WTFC,13-May-2024,102.38,102.95,101.43,101.68,291200
WTFCM,13-May-2024,24.5134,24.5134,24.4,24.51,5700
WTFCP,13-May-2024,24.99,25.03,24.98,25.03,11400
WTMA,13-May-2024,10.99,11,10.98,10.98,1200
WTO,13-May-2024,0.2972,0.36,0.2972,0.3481,424100
WTW,13-May-2024,256.62,257.53,253.47,253.68,301100
WULF,13-May-2024,2.28,2.4,2.22,2.24,11792200
WVE,13-May-2024,5.72,5.81,5.55,5.69,625200
WVVI,13-May-2024,4.22,4.3799,4.22,4.37,9200
WVVIP,13-May-2024,3.61,3.9274,3.61,3.8918,3100
WW,13-May-2024,2.03,2.33,2.025,2.06,6739000
WWD,13-May-2024,178.28,179.11,176.613,176.88,302400
WYNN,13-May-2024,98.16,98.67,97,97.99,1750000
XAIR,13-May-2024,1.14,1.22,1.11,1.12,533200
XBIL,13-May-2024,49.97,49.98,49.96,49.965,104800
XBIO,13-May-2024,3.9,4.015,3.8373,3.92,1400
XBIT,13-May-2024,8.31,8.99,8.31,8.56,29800
XBP,13-May-2024,3.55,3.6499,3.3101,3.46,189300
XBPEW,13-May-2024,0.0725,0.0725,0.0684,0.0699,27600
XCUR,13-May-2024,0.4508,0.483,0.4508,0.483,2300
XEL,13-May-2024,55.8,56.445,55.6,55.83,4508200
XELB,13-May-2024,0.7175,0.735,0.685,0.7126,28500
XENE,13-May-2024,41.05,42.12,40.48,40.48,316800
XERS,13-May-2024,1.81,1.97,1.77,1.89,2133500
XFIX,13-May-2024,51.0705,51.0705,51.0705,51.0705,100
XFOR,13-May-2024,1.06,1.07,0.9636,0.9766,3289100
XGN,13-May-2024,1.58,1.68,1.4901,1.64,190700
XLO,13-May-2024,1.17,1.1827,1.0115,1.12,273900
XMTR,13-May-2024,16.39,17.56,16.21,16.54,706800
XNCR,13-May-2024,22.6,22.93,21.285,21.34,541800
XNET,13-May-2024,1.65,1.78,1.64,1.72,151900
XOMA,13-May-2024,25.44,26.4,25.44,25.77,5600
XOMAO,13-May-2024,25.3736,25.3736,25.24,25.24,800
XOMAP,13-May-2024,25.22,25.22,25.16,25.16,1000
XOS,13-May-2024,7.93,7.93,7.61,7.75,17100
XOSWW,13-May-2024,0.0281,0.0298,0.025,0.025,116100
XP,13-May-2024,21.75,22.05,21.66,21.78,3072600
XPEL,13-May-2024,33.96,35.51,33.7101,35.5,341300
XPON,13-May-2024,2.08,2.1,1.95,2.06,77700
XRAY,13-May-2024,27.99,28.69,27.935,28.18,2887700
XRTX,13-May-2024,2.63,2.6499,2.43,2.51,5700
XRX,13-May-2024,13.7,13.77,13.52,13.64,1415400
XT,13-May-2024,58,58.38,58,58.2,84200
XTIA,13-May-2024,1.57,1.66,1.55,1.58,295900
XTKG,13-May-2024,0.79,0.84,0.7812,0.84,47500
XTLB,13-May-2024,2.74,2.99,2.73,2.92,49500
XWEL,13-May-2024,1.85,1.9499,1.78,1.85,5800
XXII,13-May-2024,1.55,1.6095,1.53,1.54,201400
XYLO,13-May-2024,1.79,2,1.77,1.93,22500
YGMZ,13-May-2024,0.3707,0.38,0.3706,0.38,29600
YHGJ,13-May-2024,1.37,1.37,1.3,1.33,8400
YI,13-May-2024,1.14,1.3299,1.14,1.2946,264800
YJ,13-May-2024,0.8042,0.8042,0.75,0.78,12800
YLDE,13-May-2024,46.73,46.73,46.61,46.645,1000
YMAB,13-May-2024,12.28,12.55,11.83,12.19,543800
YORW,13-May-2024,38.47,38.73,38.1701,38.28,54400
YOSH,13-May-2024,3.89,3.93,3.88,3.93,1900
YQ,13-May-2024,2.6,2.6,2.499,2.52,3100
YTRA,13-May-2024,1.46,1.49,1.43,1.48,103200
YY,13-May-2024,34.39,35.18,34.105,34.61,442100
YYAI,13-May-2024,0.72,0.7913,0.7,0.7431,606100
YYGH,13-May-2024,1.55,2.14,1.33,1.88,535100
Z,13-May-2024,42.7,43.43,42.44,42.84,1964400
ZAPP,13-May-2024,1.65,1.75,1.59,1.6,92500
ZBAO,13-May-2024,3.88,3.93,3.7,3.75,6400
ZBRA,13-May-2024,319.1,320.15,315.57,316,232800
ZCAR,13-May-2024,0.3078,0.325,0.2951,0.3055,75700
ZCMD,13-May-2024,1.39,1.48,1.3619,1.4,41600
ZD,13-May-2024,53.71,55.75,53.645,55.64,400000
ZENV,13-May-2024,2.35,2.36,2.08,2.2335,48700
ZEO,13-May-2024,4.75,5,4.72,5,2500
ZEUS,13-May-2024,53.8,54.19,51.88,52.03,83200
ZG,13-May-2024,42.08,42.865,41.91,42.2,473400
ZI,13-May-2024,12.81,12.98,12.71,12.96,9721100
ZIMV,13-May-2024,16.64,16.98,16.36,16.82,346100
ZION,13-May-2024,44.61,44.7,43.9,43.94,1177600
ZIONP,13-May-2024,20.275,20.52,20.2368,20.495,5200
ZJYL,13-May-2024,3.5,3.61,3.27,3.32,248200
ZKIN,13-May-2024,0.79,0.79,0.6307,0.708,54600
ZLAB,13-May-2024,21.4,22.35,21.26,21.52,654900
ZM,13-May-2024,62.29,63.46,62.18,63.11,2894000
ZNTL,13-May-2024,12.57,13.24,11.55,11.75,665900
ZOOZ,13-May-2024,2.72,2.848,2.62,2.7,45300
ZOOZW,13-May-2024,0.05,0.05,0.042,0.042,31800
ZS,13-May-2024,176.26,176.95,173.66,175,966800
ZTEK,13-May-2024,1.21,1.21,1.09,1.0928,79200
ZUMZ,13-May-2024,18.09,18.5,17.89,18.13,174600
ZURA,13-May-2024,4.79,4.835,4.52,4.79,162300
ZVRA,13-May-2024,4.84,5.05,4.74,4.89,355300
ZVSA,13-May-2024,5.18,5.52,5.18,5.46,47500
ZYME,13-May-2024,8.72,9.3,8.71,9.24,921000
ZYXI,13-May-2024,10.49,10.68,10.4,10.68,99700
ZZZ,13-May-2024,24.186,24.2,24.186,24.2,100
